popularity,track_number,duration_ms,artist_popularity,danceability,energy,key,loudness,mode,speechiness,acousticness,instrumentalness,liveness,valence,tempo,explicit_num,release_dates_int
88,9,200040,95,0.513,0.73,1.0,-5.94,1.0,0.0598,0.00143,9.54e-05,0.0897,0.334,171.001,0,1584662400
85,4,233712,88,0.825,0.652,1.0,-3.183,0.0,0.0802,0.581,0.0,0.0931,0.931,95.977,0,1488499200
87,4,182160,81,0.501,0.405,1.0,-5.679,1.0,0.0319,0.751,0.0,0.105,0.446,109.891,0,1558051200
89,4,167303,84,0.52,0.731,6.0,-5.338,0.0,0.0557,0.342,0.00101,0.311,0.662,173.93,0,1653004800
80,2,158040,92,0.76,0.478,2.0,-5.574,1.0,0.0467,0.552,0.0,0.0703,0.913,89.908,0,1544745600
88,1,230453,95,0.679,0.587,7.0,-7.015,1.0,0.276,0.141,6.35e-06,0.137,0.486,186.003,1,1480032000
0,12,173986,96,0.792,0.625,1.0,-5.609,1.0,0.0536,0.00776,0.00188,0.329,0.37,103.967,0,1463097600
30,3,141805,85,0.591,0.764,1.0,-5.484,1.0,0.0483,0.0383,0.0,0.103,0.478,169.928,1,1626998400
91,4,240400,86,0.612,0.807,10.0,-2.81,1.0,0.0336,0.0495,0.0177,0.101,0.398,124.053,0,1366588800
75,16,209438,71,0.824,0.587,6.0,-6.401,0.0,0.0937,0.69,0.000105,0.149,0.514,98.029,0,1626393600
18,3,204346,89,0.772,0.78,10.0,-4.288,0.0,0.108,0.0512,0.0,0.119,0.719,124.988,0,1498176000
31,14,238805,78,0.761,0.525,11.0,-6.9,1.0,0.0944,0.44,6.7e-06,0.0921,0.531,80.87,0,1596672000
85,5,263400,88,0.599,0.448,8.0,-6.312,1.0,0.0232,0.163,0.0,0.106,0.168,95.05,0,1488499200
81,6,218146,92,0.585,0.52,5.0,-6.136,0.0,0.0713,0.124,7.75e-05,0.131,0.129,159.798,1,1524787200
86,2,211466,81,0.358,0.557,10.0,-7.398,1.0,0.059,0.695,0.0,0.0902,0.494,85.043,0,1477612800
52,3,245506,82,0.738,0.541,8.0,-5.597,1.0,0.0303,0.415,0.0,0.11,0.657,94.949,0,1478217600
87,1,200185,95,0.351,0.296,4.0,-10.109,0.0,0.0333,0.934,0.0,0.095,0.12,115.284,0,1524096000
84,2,174000,84,0.548,0.816,0.0,-4.209,1.0,0.0465,0.122,0.0,0.335,0.557,95.39,0,1576195200
79,1,190799,84,0.759,0.548,9.0,-6.049,0.0,0.0289,0.0379,0.0,0.0828,0.75,116.963,0,1560902400
88,5,247160,82,0.617,0.635,11.0,-6.769,0.0,0.0317,0.0498,1.44e-05,0.164,0.446,103.019,0,1491523200
81,2,183290,88,0.793,0.793,11.0,-4.521,0.0,0.083,0.0123,0.0,0.0951,0.679,123.95,0,1585267200
77,4,204280,76,0.484,0.731,1.0,-6.694,1.0,0.0379,0.431,0.0,0.151,0.51,101.654,0,1410134400
59,1,241693,87,0.575,0.664,4.0,-5.303,0.0,0.0481,0.637,0.0,0.116,0.437,129.07,0,1412640000
0,3,239835,88,0.511,0.566,6.0,-7.23,0.0,0.2,0.349,0.0,0.34,0.218,83.903,1,1527033600
65,3,244360,80,0.445,0.537,4.0,-8.532,0.0,0.04,0.695,1.6e-05,0.0941,0.131,122.764,1,1379376000
84,6,258986,88,0.614,0.379,4.0,-10.48,1.0,0.0476,0.607,0.000464,0.0986,0.201,107.989,0,1403308800
0,1,257279,85,0.663,0.712,1.0,-4.945,0.0,0.0381,0.0649,0.0,0.119,0.48,122.014,0,1364256000
82,5,198973,96,0.754,0.449,7.0,-9.211,1.0,0.109,0.0332,8.29e-05,0.552,0.357,77.169,1,1530230400
85,6,215280,92,0.695,0.763,0.0,-3.497,1.0,0.0396,0.189,0.00242,0.0863,0.551,120.042,0,1567728000
70,11,354320,86,0.391,0.402,0.0,-9.961,0.0,0.0539,0.289,0.0,0.243,0.228,143.879,0,185760000
81,2,194087,95,0.701,0.425,7.0,-10.965,1.0,0.375,0.328,0.13,0.1,0.562,135.128,0,1553817600
81,11,281560,88,0.781,0.445,2.0,-6.061,1.0,0.0295,0.474,0.0,0.184,0.591,78.998,0,1403308800
78,2,258342,63,0.641,0.922,2.0,-4.457,1.0,0.0786,0.0291,0.0,0.0862,0.847,146.078,0,1349740800
83,12,215733,90,0.577,0.385,7.0,-6.362,1.0,0.03,0.371,0.0,0.231,0.331,95.82,0,1538697600
85,9,243836,94,0.841,0.728,7.0,-3.37,1.0,0.0484,0.0847,0.0,0.149,0.43,130.049,1,1473984000
83,5,233720,90,0.609,0.378,4.0,-9.828,1.0,0.438,0.835,0.0,0.28,0.515,100.43,0,1447372800
90,5,266773,91,0.429,0.661,11.0,-7.227,1.0,0.0281,0.00239,0.000121,0.234,0.285,173.372,0,963187200
0,9,187146,89,0.604,0.826,0.0,-4.804,1.0,0.0434,0.00782,0.15,0.154,0.241,167.985,0,1498176000
84,6,269560,76,0.422,0.264,8.0,-7.064,1.0,0.0322,0.922,0.0,0.132,0.331,119.93,0,1377820800
91,2,178426,100,0.552,0.702,9.0,-5.707,1.0,0.157,0.117,2.06e-05,0.105,0.564,169.994,0,1566518400
47,1,249693,82,0.516,0.806,2.0,-5.133,1.0,0.0538,0.00389,0.000674,0.115,0.577,124.118,0,1375142400
91,12,183956,87,0.464,0.417,0.0,-9.345,0.0,0.0256,0.136,0.022,0.0974,0.479,67.528,0,1378684800
85,17,260253,95,0.586,0.525,1.0,-7.163,0.0,0.0615,0.111,0.0,0.134,0.508,133.629,0,1479945600
3,5,242253,95,0.356,0.567,0.0,-7.011,0.0,0.0798,0.0861,0.0,0.137,0.109,135.553,1,1440720000
85,2,202333,83,0.734,0.637,4.0,-5.677,0.0,0.141,0.0462,2.29e-05,0.0602,0.648,169.977,0,1431648000
74,4,175200,89,0.5,0.71,3.0,-3.015,1.0,0.0339,0.19,0.00025,0.329,0.419,89.929,0,1346716800
78,14,208211,78,0.545,0.366,2.0,-9.51,1.0,0.0378,0.969,0.267,0.641,0.1,86.997,0,1428364800
3,9,292986,86,0.692,0.521,10.0,-8.465,0.0,0.33,0.301,0.0,0.0565,0.463,100.45,1,1418083200
0,2,252733,71,0.479,0.545,7.0,-7.346,1.0,0.0688,0.365,0.0,0.0963,0.244,74.897,0,1340928000
82,10,178626,92,0.777,0.317,1.0,-10.732,0.0,0.308,0.591,0.0,0.0881,0.33,139.848,1,1549584000
84,8,177000,92,0.908,0.621,1.0,-6.638,0.0,0.102,0.000282,5.39e-05,0.0958,0.421,150.011,1,1492128000
25,2,222586,79,0.356,0.924,1.0,-3.74,1.0,0.0808,0.00101,0.0,0.0953,0.232,148.017,0,1087257600
86,7,242373,91,0.486,0.617,5.0,-7.115,0.0,0.0287,0.0954,3.23e-06,0.109,0.417,138.015,0,1211760000
77,6,326466,93,0.692,0.744,2.0,-4.565,1.0,0.257,0.00868,0.000423,0.359,0.0612,171.374,1,1133827200
0,1,272394,87,0.548,0.532,5.0,-7.596,1.0,0.0323,0.186,0.000263,0.217,0.405,85.03,0,1378684800
86,10,290320,93,0.908,0.669,7.0,-2.827,1.0,0.0738,0.00286,0.0,0.237,0.662,112.238,1,1022371200
80,1,214846,87,0.791,0.862,9.0,-3.24,0.0,0.11,0.037,2.19e-05,0.0814,0.592,123.994,0,1522972800
83,3,242013,88,0.561,0.431,10.0,-8.81,1.0,0.0578,0.768,1.42e-05,0.106,0.137,143.875,1,1621555200
79,4,166605,88,0.74,0.613,8.0,-4.88,1.0,0.145,0.258,0.00372,0.123,0.473,75.023,1,1521158400
0,3,187973,84,0.455,0.797,10.0,-4.133,0.0,0.36,0.132,0.0,0.11,0.757,165.717,0,1474588800
88,6,213826,93,0.612,0.28,0.0,-8.648,1.0,0.0434,0.932,0.0,0.088,0.387,72.795,0,1354838400
83,6,178146,88,0.563,0.664,9.0,-5.044,1.0,0.154,0.335,0.0,0.0849,0.688,166.928,1,1621555200
80,2,119133,88,0.872,0.391,0.0,-9.144,0.0,0.242,0.469,4.13e-06,0.297,0.437,134.021,1,1503619200
85,2,220734,93,0.635,0.841,5.0,-5.379,1.0,0.0422,0.0134,0.0,0.0622,0.424,109.021,0,1273536000
83,13,205946,79,0.475,0.715,8.0,-5.371,1.0,0.058,0.0863,2.67e-05,0.135,0.159,199.892,0,1470355200
12,1,214289,84,0.687,0.792,5.0,-2.749,1.0,0.0452,0.191,0.0,0.167,0.671,100.011,0,1534464000
86,2,233901,76,0.726,0.769,6.0,-5.043,1.0,0.123,0.0293,0.0101,0.104,0.733,97.985,1,1499990400
82,3,312820,94,0.834,0.73,8.0,-3.714,1.0,0.222,0.00513,0.0,0.124,0.446,155.008,1,1533254400
82,16,182706,85,0.732,0.75,11.0,-6.366,0.0,0.231,0.00264,0.0,0.109,0.401,155.096,1,1503619200
13,1,200600,84,0.706,0.691,0.0,-4.775,1.0,0.0633,0.0584,6.99e-05,0.0232,0.632,118.048,0,1678406400
87,4,206693,93,0.853,0.56,1.0,-4.961,1.0,0.0406,0.013,0.0,0.0944,0.86,134.066,0,1479340800
87,7,253920,78,0.82,0.452,1.0,-9.796,1.0,0.0348,0.543,0.00294,0.0714,0.74,117.401,0,424656000
87,8,216880,91,0.556,0.864,3.0,-5.87,0.0,0.0584,0.00958,0.0,0.209,0.4,105.143,0,-9223372037
83,4,200786,90,0.655,0.76,0.0,-3.669,0.0,0.045,0.0797,0.0,0.299,0.409,99.947,0,1447372800
0,4,176561,77,0.723,0.809,7.0,-3.081,0.0,0.0625,0.00346,0.00123,0.565,0.274,98.007,0,1433116800
79,10,209320,88,0.762,0.7,9.0,-6.021,0.0,0.0694,0.00261,1.56e-05,0.153,0.608,116.073,0,1496361600
41,2,233478,93,0.726,0.698,5.0,-4.165,1.0,0.0431,0.049,0.0,0.309,0.867,143.994,0,1355097600
81,12,203064,88,0.702,0.825,6.0,-3.787,0.0,0.0601,0.00883,0.0,0.0674,0.915,102.977,0,1585267200
85,1,199440,84,0.866,0.811,11.0,-4.063,0.0,0.0553,0.375,0.0,0.078,0.969,121.995,0,1492646400
2,1,201000,84,0.715,0.372,5.0,-8.237,1.0,0.0443,0.638,0.0,0.169,0.474,91.931,0,1509667200
83,3,172723,84,0.413,0.42,0.0,-6.444,1.0,0.0416,0.588,6.39e-05,0.11,0.185,84.126,0,1401062400
69,1,202735,83,0.795,0.8,1.0,-6.32,1.0,0.0309,0.0354,7.25e-05,0.0915,0.934,116.032,0,1634860800
81,4,217306,82,0.765,0.523,2.0,-4.333,1.0,0.03,0.184,3.56e-05,0.132,0.394,104.988,0,1515715200
78,1,301920,83,0.502,0.912,1.0,-4.556,1.0,0.0564,2.55e-05,0.000173,0.106,0.72,116.761,0,685843200
78,9,201660,82,0.752,0.488,6.0,-7.05,1.0,0.0705,0.293,9.2e-06,0.0936,0.533,136.07,1,1579219200
85,11,215626,95,0.679,0.825,0.0,-5.487,1.0,0.0309,0.0212,1.21e-05,0.543,0.644,118.049,1,1584662400
1,3,258732,84,0.372,0.865,2.0,-4.918,1.0,0.0381,0.000453,0.0,0.234,0.478,174.53,0,812592000
74,12,209413,86,0.563,0.865,5.0,-5.277,1.0,0.16,0.0472,0.000191,0.77,0.601,156.271,0,279504000
82,11,189486,86,0.775,0.327,11.0,-7.241,1.0,0.0557,0.841,0.0,0.0821,0.595,91.05,0,1623369600
17,1,250986,76,0.5,0.748,4.0,-9.072,1.0,0.0363,0.127,0.0,0.447,0.514,118.852,0,-9223372037
82,4,269666,76,0.856,0.609,0.0,-7.223,1.0,0.0824,0.00801,8.15e-05,0.0344,0.928,114.988,1,1421020800
74,3,212352,76,0.741,0.691,10.0,-7.395,0.0,0.0672,0.0221,0.0,0.0476,0.892,150.087,1,1631836800
87,2,153946,90,0.644,0.735,8.0,-5.747,1.0,0.0391,0.0521,0.144,0.161,0.418,88.98,0,1670457600
87,1,225280,74,0.573,0.902,6.0,-7.638,0.0,0.054,0.018,0.00125,0.0928,0.876,84.412,0,486432000
77,11,205090,95,0.731,0.573,4.0,-10.059,0.0,0.0544,0.401,5.22e-05,0.113,0.145,109.928,1,1606435200
80,12,220293,92,0.63,0.804,6.0,-4.183,1.0,0.0364,0.215,0.0,0.253,0.492,123.146,1,1481241600
83,18,297786,93,0.548,0.847,1.0,-3.237,1.0,0.186,0.0622,0.0,0.0816,0.1,171.447,1,1022371200
1,11,285040,88,0.559,0.33,9.0,-8.251,1.0,0.0285,0.892,0.0,0.0975,0.285,135.109,0,1295395200
64,13,197933,71,0.664,0.714,7.0,-6.645,0.0,0.111,0.0353,8.42e-06,0.0843,0.71,101.969,1,1462492800
85,4,309600,91,0.557,0.442,5.0,-7.224,1.0,0.0243,0.731,1.46e-05,0.11,0.213,146.277,0,1030406400
70,1,212626,81,0.589,0.651,6.0,-5.097,1.0,0.0306,0.0291,3.2e-06,0.111,0.166,90.011,0,1449187200
82,13,215106,81,0.459,0.574,3.0,-4.857,1.0,0.0577,0.608,0.0,0.0885,0.183,111.881,0,1574380800
85,9,356066,81,0.445,0.952,6.0,-5.321,1.0,0.0522,0.09,0.0843,0.112,0.624,125.304,0,553824000
73,3,214653,86,0.932,0.528,5.0,-6.472,0.0,0.161,0.115,0.329,0.163,0.757,109.975,0,330912000
79,9,231266,92,0.674,0.578,10.0,-5.804,1.0,0.0408,0.331,0.0,0.135,0.34,145.07,1,1524787200
48,5,208666,82,0.534,0.868,11.0,-5.057,1.0,0.205,0.187,0.0032,0.148,0.406,159.763,0,1478217600
79,11,207320,92,0.72,0.654,1.0,-5.634,1.0,0.0647,0.227,0.0,0.101,0.411,106.976,1,1549584000
77,1,137704,76,0.593,0.503,8.0,-6.725,0.0,0.22,0.293,0.0,0.405,0.71,178.781,1,1631836800
0,1,176218,69,0.785,0.721,8.0,-5.457,1.0,0.0506,0.0149,0.00432,0.285,0.894,121.962,1,1568332800
79,8,199053,87,0.746,0.765,6.0,-4.41,0.0,0.0993,0.0112,0.0,0.0936,0.737,114.044,0,1605830400
72,2,241106,79,0.336,0.627,7.0,-7.463,1.0,0.0384,0.164,0.0,0.0708,0.35,150.273,0,783302400
39,2,206880,84,0.752,0.754,1.0,-6.684,1.0,0.0615,0.0151,0.0,0.0486,0.755,149.789,0,1428969600
66,2,231386,86,0.739,0.756,4.0,-4.828,1.0,0.0393,0.0136,0.0,0.37,0.522,110.028,1,1624147200
82,2,196652,77,0.896,0.586,10.0,-6.687,0.0,0.0559,0.104,0.0,0.79,0.642,116.971,1,1575590400
81,3,135090,88,0.921,0.537,9.0,-5.723,0.0,0.0804,0.556,0.00404,0.102,0.711,128.009,1,1521158400
81,13,140533,71,0.701,0.716,7.0,-3.671,0.0,0.0361,0.174,0.0,0.324,0.732,91.007,1,1616716800
81,1,237300,71,0.765,0.473,10.0,-5.829,1.0,0.0514,0.287,0.0,0.391,0.34,119.992,0,1459468800
77,6,219946,88,0.798,0.676,6.0,-5.041,1.0,0.0442,0.0902,0.0,0.0894,0.843,101.956,0,1562889600
85,2,239600,75,0.733,0.71,5.0,-5.849,0.0,0.0292,0.145,0.115,0.0956,0.965,127.975,0,1306108800
0,1,229525,82,0.689,0.481,10.0,-7.503,1.0,0.0815,0.369,1.03e-06,0.0649,0.283,80.025,0,1425945600
0,5,239316,84,0.453,0.496,5.0,-5.785,1.0,0.0453,0.554,2.65e-05,0.0772,0.501,80.994,0,1388534400
85,3,183550,87,0.79,0.831,11.0,-4.185,1.0,0.044,0.312,0.0,0.0797,0.872,124.987,1,1698969600
75,2,242946,73,0.703,0.444,11.0,-9.331,1.0,0.0417,0.559,0.0,0.0973,0.712,150.96,0,1210550400
86,10,295893,77,0.671,0.373,9.0,-18.064,1.0,0.0323,0.257,8.01e-05,0.0481,0.732,92.718,0,387072000
70,1,228826,75,0.653,0.816,2.0,-4.353,1.0,0.167,0.228,0.0,0.0967,0.816,178.085,0,1492387200
75,6,211666,85,0.628,0.698,6.0,-5.608,0.0,0.105,0.0472,0.00143,0.0907,0.732,89.976,0,1454025600
83,2,208786,81,0.775,0.613,3.0,-4.586,0.0,0.0542,0.109,2.33e-05,0.134,0.797,100.066,0,1525996800
88,11,289533,76,0.315,0.715,11.0,-8.072,0.0,0.0362,0.00125,7.97e-06,0.0942,0.497,155.925,0,-9223372037
89,4,180386,86,0.558,0.559,6.0,-9.222,1.0,0.0959,0.371,7.49e-06,0.109,0.62,78.558,1,1500595200
4,1,197436,76,0.752,0.505,9.0,-7.621,1.0,0.253,0.535,2.55e-06,0.104,0.419,91.97,0,1527724800
1,1,228293,88,0.729,0.756,8.0,-5.119,1.0,0.0294,0.131,0.0,0.0527,0.522,104.945,0,1295395200
64,16,235545,86,0.779,0.541,0.0,-6.824,1.0,0.0658,0.566,0.0,0.13,0.447,124.939,1,1529020800
79,9,229360,75,0.655,0.797,2.0,-4.787,1.0,0.153,0.198,0.0,0.067,0.839,177.928,0,1548979200
79,5,235493,86,0.748,0.788,1.0,-7.055,1.0,0.0334,0.0591,0.0,0.0863,0.884,120.076,1,1409616000
73,7,181733,79,0.746,0.69,11.0,-7.956,1.0,0.164,0.247,0.0,0.101,0.497,89.977,1,1587081600
78,1,203417,76,0.597,0.854,7.0,-5.114,0.0,0.463,0.0169,0.0,0.124,0.152,120.276,0,1529020800
72,2,237546,82,0.669,0.832,0.0,-5.721,1.0,0.0682,0.0106,0.0,0.0968,0.7,113.035,0,1474588800
70,2,231826,100,0.753,0.678,5.0,-5.421,1.0,0.0644,0.085,1.64e-06,0.13,0.583,96.006,0,1414368000
80,1,195920,83,0.732,0.396,4.0,-9.348,0.0,0.0286,0.0841,3.58e-05,0.105,0.548,90.024,0,1466035200
89,13,187520,91,0.488,0.87,6.0,-4.185,0.0,0.0421,0.00353,0.0,0.484,0.211,110.072,0,1063670400
83,7,196077,95,0.367,0.111,4.0,-14.084,1.0,0.0972,0.978,3.97e-05,0.0897,0.198,82.642,0,1553817600
78,1,162637,84,0.835,0.679,7.0,-5.329,0.0,0.0364,0.583,1.98e-06,0.218,0.85,124.98,0,1653523200
73,1,186813,89,0.448,0.784,9.0,-3.686,1.0,0.0625,0.0999,0.000108,0.668,0.237,136.239,0,1346716800
76,7,223346,92,0.556,0.538,8.0,-5.408,0.0,0.0382,0.0689,0.0,0.196,0.291,143.946,1,1481241600
62,5,217706,81,0.728,0.563,1.0,-8.053,0.0,0.134,0.621,0.0,0.179,0.352,100.017,0,1454025600
79,1,170769,72,0.632,0.686,6.0,-7.665,0.0,0.243,0.549,0.0,0.2,0.329,89.949,0,1544140800
73,1,157066,76,0.878,0.619,6.0,-5.56,1.0,0.102,0.0533,0.0,0.113,0.639,136.041,0,1561075200
66,1,180560,68,0.78,0.68,4.0,-6.081,1.0,0.0305,0.141,1.2e-05,0.138,0.594,118.026,0,1444953600
82,3,214506,83,0.645,0.713,6.0,-5.355,1.0,0.0393,0.00835,0.0,0.113,0.566,74.989,0,1431648000
0,7,213520,95,0.702,0.77,9.0,-5.416,0.0,0.0482,0.124,0.0,0.103,0.593,107.951,0,1440720000
79,3,205680,90,0.845,0.567,5.0,-8.118,0.0,0.0956,0.59,0.00142,0.0811,0.793,125.02,0,1447372800
79,16,187436,80,0.72,0.706,1.0,-4.719,1.0,0.0473,0.0684,0.0,0.166,0.62,133.002,0,1600387200
70,1,216120,85,0.399,0.787,1.0,-2.88,1.0,0.0499,0.0197,6.07e-05,0.0685,0.572,117.089,0,1430697600
85,3,199080,71,0.578,0.866,1.0,-3.804,1.0,0.0619,0.00701,0.0,0.257,0.619,128.038,0,1417478400
76,7,253390,80,0.816,0.726,5.0,-3.998,0.0,0.129,0.099,0.0,0.372,0.65,136.048,1,1522972800
79,17,149546,92,0.829,0.538,11.0,-7.359,0.0,0.212,0.137,1.88e-06,0.103,0.389,99.952,1,1567728000
77,6,196493,76,0.551,0.537,11.0,-7.595,1.0,0.034,0.705,0.0,0.0802,0.493,126.421,1,1553212800
78,10,159381,66,0.785,0.431,10.0,-8.756,0.0,0.0364,0.123,0.0,0.0887,0.236,127.085,0,1585180800
71,11,212500,79,0.843,0.802,1.0,-4.167,0.0,0.228,0.158,5e-06,0.0642,0.618,95.881,1,1564012800
80,1,222160,87,0.631,0.927,9.0,-2.787,0.0,0.0332,0.199,0.119,0.148,0.465,123.962,0,1461888000
75,18,269186,95,0.773,0.819,0.0,-5.946,0.0,0.118,0.426,0.0,0.0679,0.585,92.99,0,1479945600
83,3,200690,100,0.633,0.648,4.0,-6.645,1.0,0.062,0.121,2.62e-06,0.161,0.49,96.888,0,1666310400
81,1,198937,82,0.621,0.782,2.0,-5.548,1.0,0.044,0.0125,0.033,0.23,0.55,128.033,0,1657065600
0,1,295493,88,0.481,0.451,5.0,-6.095,0.0,0.0347,0.336,0.0,0.0872,0.289,157.966,0,1466726400
74,8,221440,92,0.75,0.56,8.0,-8.094,1.0,0.105,0.546,0.0,0.111,0.459,140.06,1,1524787200
66,1,185360,77,0.608,0.798,6.0,-5.092,0.0,0.0432,0.0736,0.0,0.156,0.5,92.946,0,1469145600
79,4,230746,88,0.807,0.893,11.0,-3.745,0.0,0.0347,0.0451,2.79e-05,0.366,0.537,126.011,0,1635120000
77,5,217946,88,0.836,0.544,7.0,-5.975,1.0,0.0943,0.0403,0.0,0.0824,0.51,97.028,1,1496361600
79,1,173333,69,0.726,0.431,8.0,-8.765,0.0,0.135,0.731,0.0,0.696,0.348,144.026,0,1581120000
83,3,178567,95,0.911,0.712,1.0,-5.105,0.0,0.0817,0.0901,2.68e-05,0.0933,0.425,92.005,1,1651795200
81,14,208666,86,0.764,0.705,8.0,-3.463,1.0,0.0284,0.259,8.92e-05,0.12,0.781,110.97,1,1624579200
79,3,205714,77,0.744,0.804,1.0,-6.327,1.0,0.0677,0.0231,0.0,0.0494,0.426,104.823,0,1553212800
73,1,163636,62,0.621,0.601,6.0,-5.616,0.0,0.148,0.0522,0.0,0.46,0.457,116.735,1,1570665600
81,29,239000,77,0.259,0.437,11.0,-6.589,0.0,0.0386,0.102,1.32e-06,0.106,0.0951,180.042,0,1544745600
67,1,245653,77,0.735,0.443,0.0,-8.432,1.0,0.0556,0.0601,1.91e-05,0.213,0.107,117.968,0,1486684800
79,4,190946,77,0.579,0.904,5.0,-2.729,1.0,0.0618,0.193,0.0,0.064,0.681,82.014,0,1529625600
75,9,252534,80,0.262,0.606,8.0,-6.646,1.0,0.0484,0.247,0.0,0.125,0.275,189.857,0,1446768000
76,4,251173,77,0.717,0.73,9.0,-4.729,0.0,0.0568,0.383,0.0,0.398,0.792,102.002,0,1543536000
82,1,180822,84,0.52,0.761,4.0,-3.093,1.0,0.0853,0.256,4.96e-06,0.17,0.286,141.971,0,1502409600
70,15,201920,92,0.799,0.701,2.0,-3.272,1.0,0.282,0.309,7.36e-05,0.0514,0.607,100.946,0,1616716800
80,3,219146,68,0.774,0.753,4.0,-5.446,0.0,0.0517,0.152,0.0,0.0371,0.896,119.002,1,1479427200
78,1,184732,76,0.753,0.657,7.0,-3.061,1.0,0.0449,0.171,0.0,0.112,0.437,107.01,0,1516665600
72,9,277680,95,0.657,0.291,2.0,-8.275,0.0,0.0348,0.405,0.0,0.0771,0.405,119.782,1,1440720000
72,9,217925,96,0.835,0.626,1.0,-5.833,1.0,0.125,0.0589,6e-05,0.396,0.35,91.03,1,1530230400
73,2,185040,88,0.548,0.703,11.0,-4.838,0.0,0.0772,0.0168,2.38e-05,0.143,0.286,104.666,0,1527206400
81,1,285120,72,0.421,0.407,10.0,-7.445,1.0,0.0267,0.309,0.000961,0.11,0.161,139.028,0,1318896000
75,2,214480,69,0.803,0.585,8.0,-5.861,1.0,0.0432,0.103,3.94e-06,0.0644,0.593,105.017,0,1464307200
81,2,202546,85,0.799,0.539,1.0,-6.351,1.0,0.0421,0.199,1.66e-05,0.165,0.394,136.948,0,1493251200
79,12,198081,90,0.677,0.696,0.0,-6.181,1.0,0.119,0.321,0.0,0.42,0.464,90.03,1,1616112000
81,4,169353,75,0.652,0.557,1.0,-5.714,0.0,0.0318,0.74,0.0,0.124,0.483,150.073,0,1542326400
75,1,202620,84,0.626,0.88,9.0,-2.384,0.0,0.0504,0.205,0.0,0.128,0.534,95.079,1,1518134400
50,7,204600,93,0.833,0.434,2.0,-8.795,1.0,0.431,0.0102,0.0219,0.165,0.281,150.062,1,1501804800
73,6,251033,61,0.492,0.275,6.0,-13.4,0.0,0.3,0.687,0.0,0.101,0.18,92.6,1,1458864000
84,8,146520,88,0.797,0.533,0.0,-9.74,0.0,0.0412,0.0172,0.000152,0.103,0.329,131.036,1,1503619200
86,1,175720,94,0.598,0.427,7.0,-8.764,0.0,0.0317,0.0546,5.83e-06,0.21,0.0605,76.469,1,1570147200
75,3,244973,72,0.864,0.495,0.0,-7.036,1.0,0.037,0.591,0.000133,0.0992,0.72,129.062,0,1293840000
66,1,220780,81,0.64,0.533,0.0,-6.596,1.0,0.0706,0.119,0.0,0.0864,0.515,99.968,0,1487289600
78,10,186986,79,0.697,0.683,1.0,-2.881,0.0,0.117,0.0372,0.0,0.137,0.603,96.133,0,1524787200
80,3,207133,84,0.676,0.771,8.0,-3.675,1.0,0.0483,0.0237,7e-06,0.102,0.569,99.048,0,1576195200
71,1,197866,88,0.64,0.647,5.0,-8.114,0.0,0.186,0.124,0.0,0.0801,0.546,92.979,0,1562889600
77,6,212120,79,0.661,0.714,5.0,-5.68,0.0,0.121,0.314,0.0,0.179,0.464,147.998,0,1507248000
64,2,261640,87,0.508,0.72,11.0,-5.908,0.0,0.0628,0.272,0.0,0.0563,0.472,79.983,0,1226620800
0,6,326933,82,0.745,0.356,1.0,-10.425,1.0,0.0941,0.172,0.00943,0.123,0.607,160.033,1,1480636800
78,6,293826,84,0.92,0.654,11.0,-3.051,0.0,0.0401,0.0236,0.0153,0.036,0.847,117.046,0,1202428800
71,1,245040,90,0.604,0.788,0.0,-3.673,0.0,0.103,0.0678,0.153,0.127,0.301,126.06,0,1314144000
81,1,184560,68,0.694,0.77,6.0,-5.335,1.0,0.149,0.176,1.1e-05,0.118,0.163,125.905,0,1528416000
77,3,219080,85,0.736,0.449,1.0,-11.462,0.0,0.425,0.33,0.000162,0.0898,0.326,80.126,0,1493251200
2,5,226160,92,0.65,0.736,6.0,-5.84,0.0,0.229,0.0528,0.0,0.235,0.613,159.173,1,1463702400
73,10,250173,75,0.62,0.574,5.0,-7.788,0.0,0.0479,0.569,0.0,0.19,0.357,100.023,1,1493942400
70,6,163870,81,0.643,0.783,10.0,-6.458,1.0,0.0856,0.047,0.0,0.083,0.579,154.084,0,1502409600
78,1,212733,77,0.715,0.605,0.0,-5.128,0.0,0.0428,0.239,1.41e-05,0.189,0.454,122.956,0,1543536000
80,1,195706,76,0.501,0.519,4.0,-5.88,0.0,0.0409,0.109,0.0,0.454,0.168,133.99,0,1469750400
72,11,248440,86,0.671,0.711,2.0,-7.813,1.0,0.0478,0.422,0.0,0.104,0.466,113.809,0,389232000
75,15,121886,88,0.669,0.308,11.0,-10.068,1.0,0.029,0.883,0.0,0.0984,0.52,64.934,0,1521158400
84,2,176658,82,0.527,0.835,6.0,-5.298,1.0,0.0433,0.0166,0.0,0.249,0.654,125.983,0,1388534400
74,13,229210,79,0.866,0.613,0.0,-6.385,1.0,0.151,0.0293,0.0,0.104,0.359,98.001,1,1559865600
0,4,219320,91,0.725,0.534,11.0,-6.238,1.0,0.0946,0.0752,0.0,0.0919,0.558,91.974,1,1453939200
84,7,216320,81,0.64,0.74,4.0,-4.083,1.0,0.0284,0.0115,0.00678,0.167,0.785,116.879,1,1437091200
70,1,214147,75,0.679,0.715,9.0,-6.383,1.0,0.0407,0.0755,0.0,0.271,0.571,127.435,0,1356998400
81,3,298940,96,0.809,0.463,11.0,-11.377,1.0,0.0396,0.256,0.085,0.109,0.364,111.98,1,1489795200
75,10,205920,92,0.699,0.713,9.0,-5.507,0.0,0.0594,0.04,3.11e-06,0.294,0.354,121.993,0,1534464000
63,5,288876,75,0.599,0.667,7.0,-4.267,1.0,0.0367,0.0533,0.0,0.134,0.817,80.984,1,1498089600
82,1,245425,95,0.704,0.225,6.0,-14.454,0.0,0.0994,0.902,0.657,0.106,0.243,120.006,0,1573603200
75,1,197993,82,0.725,0.804,11.0,-4.614,0.0,0.0422,0.124,0.0,0.204,0.31,124.996,0,1508889600
83,1,225983,93,0.818,0.803,1.0,-4.282,1.0,0.0797,0.034,0.0,0.153,0.632,106.97,0,1479340800
77,1,181026,75,0.842,0.734,1.0,-5.065,0.0,0.0588,0.0427,0.0,0.106,0.952,137.958,0,1559865600
83,1,232106,72,0.743,0.446,4.0,-7.807,0.0,0.0683,0.0039,0.118,0.337,0.278,123.596,0,1049155200
83,1,391376,77,0.579,0.508,2.0,-9.484,1.0,0.027,0.00574,0.000494,0.0575,0.609,147.125,0,218851200
77,1,193226,87,0.737,0.86,8.0,-2.652,0.0,0.0593,0.11,1.94e-06,0.0574,0.656,93.989,0,1548288000
80,2,201122,77,0.694,0.712,7.0,-3.923,0.0,0.046,0.132,0.0,0.211,0.799,98.023,0,1489708800
83,4,211560,80,0.714,0.8,11.0,-4.808,0.0,0.0504,0.127,0.0,0.359,0.589,134.002,0,1512691200
76,20,267066,96,0.891,0.628,2.0,-7.863,1.0,0.0551,0.00258,0.00019,0.0504,0.552,134.966,0,1462492800
72,1,262960,70,0.735,0.478,2.0,-12.472,1.0,0.0293,0.189,2.48e-06,0.355,0.947,107.682,0,470534400
74,1,250533,95,0.61,0.624,2.0,-4.773,1.0,0.309,0.6,2.12e-06,0.243,0.244,176.169,1,1559260800
75,7,207520,88,0.522,0.385,0.0,-7.355,1.0,0.0288,0.536,0.0,0.135,0.236,89.792,0,1488499200
75,7,215093,76,0.697,0.832,9.0,-7.264,1.0,0.0298,0.168,0.00131,0.269,0.979,125.926,0,280627200
79,2,261153,88,0.461,0.834,2.0,-4.868,1.0,0.0989,0.0232,1.14e-05,0.14,0.471,135.007,0,1488499200
81,2,340706,84,0.516,0.595,5.0,-4.63,1.0,0.0313,0.0275,0.0,0.109,0.222,119.972,0,1494547200
84,8,222533,87,0.596,0.856,4.0,-3.556,0.0,0.0346,0.0211,0.0178,0.141,0.743,127.949,0,1414713600
81,4,95466,88,0.734,0.57,7.0,-7.066,0.0,0.133,0.847,2.14e-05,0.112,0.689,129.953,1,1503619200
79,1,126345,88,0.763,0.726,1.0,-6.405,1.0,0.282,0.259,0.0,0.0976,0.349,139.059,1,1487548800
1,10,230226,73,0.573,0.739,0.0,-5.74,1.0,0.129,0.0285,0.0,0.111,0.451,97.085,0,1447372800
15,1,210367,95,0.817,0.539,6.0,-6.349,0.0,0.0621,0.0141,0.000496,0.099,0.158,97.062,0,1539216000
81,3,251466,78,0.756,0.674,0.0,-6.518,0.0,0.0959,0.0184,0.0,0.158,0.389,111.995,1,1449187200
79,2,202746,77,0.584,0.7,11.0,-4.275,1.0,0.0456,0.117,0.0,0.0939,0.438,124.944,1,1458864000
82,2,165819,88,0.671,0.529,0.0,-7.226,1.0,0.307,0.0769,0.000335,0.0856,0.203,161.989,1,1544400000
85,6,255493,83,0.31,0.7,9.0,-5.678,1.0,0.047,0.011,0.00965,0.0828,0.763,188.386,0,333331200
81,1,157605,69,0.88,0.751,7.0,-4.258,0.0,0.0874,0.177,6.43e-05,0.106,0.884,117.948,0,1564099200
0,1,233293,81,0.662,0.757,5.0,-6.818,0.0,0.144,0.291,0.0,0.0885,0.962,159.945,0,1390348800
85,2,216773,76,0.673,0.886,1.0,-4.44,0.0,0.0431,0.185,0.0,0.0826,0.795,97.012,0,1291161600
77,6,170826,88,0.624,0.876,9.0,-3.374,1.0,0.1,0.0735,0.0,0.327,0.781,99.943,0,1488499200
76,1,187541,80,0.935,0.454,1.0,-7.509,1.0,0.375,0.0194,0.0,0.0824,0.357,133.073,1,1596758400
0,7,191600,91,0.671,0.314,5.0,-8.091,0.0,0.244,0.11,0.0,0.0825,0.296,110.898,1,1453939200
6,17,195428,70,0.8,0.658,1.0,-6.142,0.0,0.079,0.25,0.0,0.111,0.462,140.042,1,1598572800
68,6,229320,85,0.596,0.552,0.0,-10.278,0.0,0.097,0.0765,0.334,0.104,0.112,97.949,0,1539820800
83,1,224840,69,0.773,0.758,1.0,-4.993,1.0,0.0381,0.0422,0.0,0.305,0.925,144.033,0,1403654400
84,5,242573,88,0.756,0.646,7.0,-5.795,1.0,0.319,0.152,1.81e-05,0.108,0.429,176.088,0,1561680000
72,1,162546,68,0.774,0.554,0.0,-7.909,1.0,0.0383,0.207,0.0,0.132,0.349,99.034,1,1580947200
67,14,246761,61,0.576,0.766,10.0,-4.943,0.0,0.449,0.0278,1.71e-06,0.366,0.236,144.836,1,1466899200
78,4,199386,72,0.706,0.786,0.0,-3.417,0.0,0.091,0.26,0.0,0.38,0.751,150.028,0,1412899200
0,10,166138,77,0.747,0.877,9.0,-3.782,0.0,0.0664,0.0375,0.000833,0.233,0.752,107.991,0,1448582400
78,1,203000,65,0.646,0.741,5.0,-4.973,0.0,0.034,0.0275,0.0,0.312,0.571,123.077,0,1501200000
86,2,232186,92,0.695,0.633,8.0,-4.946,1.0,0.0599,0.0612,0.000195,0.0926,0.557,96.782,1,1518134400
73,1,210090,76,0.69,0.622,5.0,-5.025,0.0,0.0622,0.253,0.0,0.116,0.544,102.04,0,1487808000
70,1,181880,68,0.728,0.616,4.0,-4.238,1.0,0.0645,0.378,0.0,0.105,0.508,99.962,0,1469145600
84,8,284200,93,0.949,0.661,5.0,-4.244,0.0,0.0572,0.0302,0.0,0.0454,0.76,104.504,1,959040000
86,3,218093,87,0.778,0.824,10.0,-5.892,0.0,0.0707,0.284,0.0,0.405,0.758,100.024,0,1133136000
75,1,188343,75,0.782,0.559,6.0,-7.106,0.0,0.0767,0.125,0.0,0.385,0.685,129.992,1,1597968000
75,1,207333,83,0.715,0.655,0.0,-6.425,1.0,0.137,0.0525,0.0,0.115,0.531,95.078,1,1318291200
79,1,220883,76,0.584,0.54,1.0,-7.786,0.0,0.0576,0.0895,0.0,0.261,0.195,137.972,0,1485475200
0,3,311866,93,0.625,0.726,10.0,-7.731,0.0,0.155,0.00728,0.0,0.318,0.483,103.98,1,1189468800
66,3,227833,77,0.799,0.586,11.0,-6.735,1.0,0.0377,0.162,2.03e-06,0.193,0.549,120.97,0,1401667200
84,3,172800,79,0.88,0.428,9.0,-8.28,1.0,0.206,0.149,5.05e-05,0.114,0.333,100.007,1,1509321600
84,1,228373,95,0.461,0.593,1.0,-4.954,1.0,0.0356,0.165,0.0,0.307,0.174,134.165,0,1522368000
79,4,163253,68,0.801,0.795,1.0,-5.115,0.0,0.0504,0.0417,0.000113,0.0717,0.754,79.028,0,1497571200
81,4,259453,86,0.651,0.663,0.0,-5.569,0.0,0.0281,0.228,0.0,0.0994,0.465,102.0,0,-9223372037
70,1,171029,84,0.741,0.52,8.0,-7.513,1.0,0.0656,0.447,1.97e-06,0.222,0.347,102.998,0,1547164800
85,2,257800,83,0.828,0.492,0.0,-9.744,1.0,0.0276,0.0644,0.00428,0.128,0.789,120.151,0,223862400
82,13,204160,85,0.581,0.963,11.0,-4.087,1.0,0.0981,0.0295,0.0,0.139,0.788,129.992,0,-9223372037
75,4,210746,96,0.585,0.909,8.0,-6.474,1.0,0.0707,0.0891,9.7e-05,0.119,0.758,93.372,1,1530230400
73,1,176320,74,0.728,0.415,8.0,-6.852,1.0,0.0639,0.401,0.0,0.0616,0.455,114.145,0,1501200000
79,12,172324,92,0.737,0.802,0.0,-4.771,1.0,0.0878,0.468,0.0,0.0931,0.682,144.015,1,1604016000
84,1,208400,83,0.574,0.913,6.0,-4.793,0.0,0.133,0.061,0.00158,0.156,0.423,115.728,0,301881600
67,2,199849,86,0.8,0.598,5.0,-5.131,0.0,0.0617,0.0798,5.47e-06,0.1,0.422,109.998,0,1529020800
0,2,208733,84,0.568,0.686,11.0,-4.901,0.0,0.0903,0.133,0.0,0.11,0.4,148.294,0,1474588800
84,1,189960,86,0.742,0.713,1.0,-5.522,0.0,0.0303,0.0205,0.0,0.059,0.879,120.032,0,1409616000
20,4,244453,92,0.623,0.734,9.0,-5.948,1.0,0.107,0.0162,1.75e-06,0.145,0.37,107.853,0,1463702400
85,3,249293,80,0.532,0.887,0.0,-3.757,1.0,0.0335,0.0778,0.000206,0.294,0.794,122.509,0,524534400
67,3,287120,83,0.762,0.766,7.0,-3.955,1.0,0.0343,0.00776,6.98e-05,0.128,0.442,130.001,1,1633046400
83,1,131240,84,0.745,0.642,7.0,-6.257,0.0,0.287,0.0204,0.0,0.0658,0.226,179.974,1,1567123200
9,8,240050,88,0.685,0.692,2.0,-5.122,1.0,0.0457,0.328,0.0,0.153,0.578,159.966,1,1552003200
4,11,313684,74,0.885,0.581,11.0,-8.813,1.0,0.0378,0.427,0.000204,0.0759,0.728,114.016,0,1403222400
84,15,263373,93,0.749,0.925,10.0,-5.034,1.0,0.227,0.241,0.0,0.52,0.641,86.989,1,1276819200
83,4,295533,91,0.209,0.417,3.0,-8.74,1.0,0.0338,0.164,0.00196,0.113,0.124,138.178,0,1118102400
85,2,224694,88,0.604,0.366,5.0,-7.519,1.0,0.0282,0.578,0.0,0.133,0.13,141.981,0,1637280000
71,1,238200,69,0.826,0.773,11.0,-4.218,0.0,0.0524,0.323,0.0,0.143,0.761,126.899,0,1538697600
71,1,203760,78,0.705,0.643,11.0,-6.929,0.0,0.232,0.0242,0.0,0.262,0.884,143.944,1,1506643200
0,1,190677,94,0.763,0.598,11.0,-6.865,1.0,0.0539,0.0714,0.0,0.112,0.182,140.987,0,1495065600
70,3,202533,77,0.421,0.873,10.0,-4.343,1.0,0.0564,0.0654,0.0,0.123,0.629,84.786,0,1347235200
80,12,145542,87,0.897,0.662,1.0,-6.903,0.0,0.292,0.0852,0.0,0.534,0.39,112.509,1,1538697600
76,14,174853,92,0.547,0.653,5.0,-3.875,1.0,0.081,0.456,0.0,0.103,0.163,150.097,1,1567728000
79,1,230613,82,0.579,0.736,6.0,-3.863,0.0,0.0527,0.31,0.0,0.198,0.613,127.999,0,1443744000
78,2,219043,78,0.636,0.815,5.0,-5.098,0.0,0.0581,0.0185,0.0,0.163,0.636,123.063,0,1443139200
76,2,202066,84,0.652,0.698,10.0,-4.667,0.0,0.042,0.00112,0.000115,0.0886,0.47,96.021,0,1230768000
85,2,240693,71,0.647,0.514,8.0,-10.05,1.0,0.0593,0.0655,0.0,0.398,0.386,79.975,0,815702400
81,1,172626,86,0.824,0.764,5.0,-4.175,0.0,0.0854,0.0888,0.00294,0.117,0.881,107.998,1,1624579200
75,5,237893,86,0.787,0.673,11.0,-4.583,0.0,0.159,0.264,3.35e-06,0.0904,0.779,110.962,1,1573084800
82,3,197266,92,0.628,0.593,8.0,-5.036,1.0,0.0323,0.093,1.65e-06,0.096,0.104,125.025,0,1408665600
84,2,213306,77,0.689,0.694,6.0,-5.83,0.0,0.027,0.257,0.0,0.148,0.482,99.039,0,926985600
84,1,292880,83,0.502,0.89,4.0,-5.175,1.0,0.0364,0.000147,0.0117,0.217,0.259,133.52,0,654134400
79,2,175426,65,0.72,0.791,1.0,-4.689,1.0,0.124,0.0384,0.0,0.157,0.756,102.071,0,-9223372037
66,17,132780,64,0.778,0.695,4.0,-6.865,0.0,0.0913,0.175,0.0,0.15,0.472,149.996,1,1631232000
19,1,169265,85,0.667,0.373,4.0,-9.389,1.0,0.05,0.785,0.0,0.0906,0.0823,124.148,1,1587081600
73,8,221506,82,0.653,0.658,2.0,-6.428,1.0,0.0304,0.0215,1.66e-06,0.0939,0.219,99.99,0,1491523200
69,22,301714,88,0.786,0.808,7.0,-3.702,1.0,0.0881,0.0846,0.000289,0.0822,0.608,105.029,0,1590710400
45,11,264306,84,0.559,0.345,4.0,-13.496,1.0,0.0459,0.0576,0.000105,0.141,0.458,84.581,0,685670400
81,4,270586,81,0.816,0.775,11.0,-3.323,1.0,0.234,0.16,0.00031,0.0543,0.527,93.431,1,942710400
77,1,206710,95,0.644,0.648,1.0,-4.601,1.0,0.118,0.276,0.0,0.135,0.44,179.951,1,1622764800
24,2,238640,83,0.515,0.43,7.0,-9.935,1.0,0.0369,0.0102,0.000141,0.129,0.104,91.841,1,730339200
84,5,215506,88,0.442,0.612,2.0,-7.222,1.0,0.112,0.584,5.7e-06,0.37,0.178,180.917,1,1621555200
72,1,417920,71,0.903,0.675,11.0,-3.445,0.0,0.214,0.542,1.28e-05,0.0595,0.442,96.507,1,1523577600
81,12,198773,84,0.4,0.915,0.0,-4.89,1.0,0.279,0.083,0.0,0.0503,0.871,89.006,0,1262304000
68,17,237918,93,0.795,0.574,2.0,-6.903,0.0,0.487,0.067,0.0,0.15,0.537,142.053,1,1589500800
81,7,210800,93,0.808,0.745,10.0,-5.26,0.0,0.342,0.145,0.0,0.292,0.829,165.995,1,1579219200
84,10,198040,79,0.357,0.425,5.0,-7.301,1.0,0.0333,0.584,0.0,0.322,0.27,102.078,0,1584662400
67,3,260532,71,0.536,0.311,1.0,-10.396,1.0,0.0288,0.82,1.65e-05,0.107,0.246,147.486,0,1418601600
74,18,164952,87,0.759,0.459,8.0,-5.187,1.0,0.0948,0.00323,0.0,0.0788,0.695,109.997,0,1654819200
57,6,329733,84,0.592,0.767,9.0,-2.788,0.0,0.027,0.0021,0.00165,0.127,0.328,96.483,0,928800000
80,1,283800,73,0.596,0.606,7.0,-12.145,1.0,0.0255,0.181,0.000327,0.0863,0.886,97.785,0,135216000
79,3,199112,86,0.783,0.727,6.0,-3.454,0.0,0.389,0.185,2.46e-05,0.0626,0.558,180.067,0,1597968000
82,2,207853,88,0.788,0.859,2.0,-2.724,1.0,0.0856,0.281,0.0,0.0424,0.822,141.02,0,1635120000
74,6,215672,87,0.647,0.585,6.0,-6.123,1.0,0.0512,0.00314,0.0,0.165,0.353,131.934,0,1382054400
29,3,219333,84,0.788,0.859,1.0,-5.542,1.0,0.315,0.127,0.0,0.348,0.769,140.027,1,1312761600
84,3,203346,78,0.542,0.905,9.0,-5.653,1.0,0.054,0.00172,0.0104,0.136,0.374,153.398,0,1222128000
84,2,229226,88,0.38,0.339,3.0,-7.885,1.0,0.0338,0.691,0.0,0.12,0.0849,100.607,0,1621555200
84,3,258266,91,0.491,0.693,0.0,-6.487,0.0,0.0377,0.211,6.92e-06,0.325,0.412,90.027,0,1449187200
85,9,161123,87,0.691,0.631,2.0,-6.478,1.0,0.0368,0.0483,1.13e-05,0.104,0.8,92.004,0,1378684800
82,16,110886,88,0.592,0.457,9.0,-6.081,0.0,0.0603,0.661,0.000331,0.146,0.225,146.04,1,1521158400
80,1,199604,90,0.78,0.719,3.0,-3.613,0.0,0.0506,0.302,0.000196,0.0931,0.336,127.962,1,1639094400
83,6,222640,80,0.818,0.705,6.0,-6.679,1.0,0.177,0.00836,0.00233,0.613,0.772,138.559,0,1116806400
72,1,275986,91,0.585,0.828,1.0,-4.603,1.0,0.124,0.00906,0.0,0.0426,0.584,174.034,0,1167609600
3,3,267933,70,0.563,0.592,9.0,-4.571,1.0,0.0276,0.209,5.08e-05,0.132,0.136,104.016,0,1136073600
70,1,216408,79,0.689,0.789,1.0,-4.901,1.0,0.122,0.154,0.0,0.203,0.745,98.043,1,1487808000
76,1,166028,73,0.734,0.874,8.0,-3.158,1.0,0.0662,0.168,1.14e-05,0.0489,0.905,122.953,0,1593734400
80,2,231013,86,0.279,0.742,4.0,-6.46,0.0,0.0898,0.000185,0.0,0.593,0.328,189.868,0,1409616000
83,11,224000,91,0.509,0.637,4.0,-4.83,0.0,0.047,0.0717,1.08e-05,0.0789,0.379,172.007,1,1453939200
73,5,193466,84,0.904,0.72,6.0,-2.776,0.0,0.348,0.259,0.0,0.0749,0.805,90.062,1,1044489600
73,9,250285,60,0.432,0.781,4.0,-4.038,0.0,0.0567,0.041,4.21e-06,0.0789,0.197,139.432,0,1424736000
19,1,173381,89,0.728,0.783,11.0,-4.424,0.0,0.266,0.237,0.0,0.434,0.555,77.011,0,1630627200
74,4,212866,90,0.806,0.546,9.0,-6.637,1.0,0.0579,0.298,0.0,0.102,0.875,147.988,0,1581638400
0,4,290906,88,0.381,0.594,3.0,-5.97,1.0,0.0486,0.348,0.0,0.0925,0.273,143.86,0,1466726400
75,1,331560,84,0.566,0.834,6.0,-8.412,0.0,0.0298,0.00277,0.008,0.0625,0.621,123.296,0,681955200
72,1,200560,95,0.475,0.37,4.0,-7.725,0.0,0.0361,0.819,0.0577,0.0841,0.157,144.828,0,1479427200
71,1,171374,59,0.767,0.481,0.0,-8.52,0.0,0.0803,0.234,0.0,0.269,0.761,150.076,1,1591833600
73,1,166793,76,0.789,0.72,8.0,-5.652,0.0,0.218,0.223,0.0,0.129,0.664,122.031,0,1576713600
0,4,215520,87,0.738,0.776,1.0,-4.808,1.0,0.0392,0.0234,0.0018,0.0775,0.608,127.984,0,1351468800
29,2,209273,80,0.515,0.479,3.0,-7.458,1.0,0.0261,0.544,0.00598,0.191,0.284,88.964,1,1540512000
80,18,191013,95,0.65,0.825,0.0,-4.645,1.0,0.0325,0.0215,2.44e-05,0.0936,0.593,118.091,0,1584662400
86,8,267866,91,0.545,0.675,6.0,-6.474,1.0,0.0279,0.00617,0.00197,0.209,0.162,124.97,0,1400457600
74,1,222093,71,0.746,0.873,7.0,-3.803,1.0,0.128,0.0244,0.0,0.354,0.817,148.075,1,1443139200
75,1,243490,86,0.502,0.786,9.0,-4.378,0.0,0.317,0.255,0.0,0.65,0.739,169.021,1,1466726400
16,1,220306,89,0.884,0.347,8.0,-8.227,0.0,0.35,0.015,7e-06,0.0871,0.376,75.016,1,1506124800
78,1,213593,86,0.837,0.364,8.0,-11.713,1.0,0.276,0.149,0.0,0.271,0.463,123.984,1,1548201600
85,3,251488,74,0.645,0.795,7.0,-12.095,1.0,0.0527,0.347,0.00389,0.104,0.535,112.067,0,478137600
85,6,260173,86,0.588,0.521,10.0,-9.461,1.0,0.0329,0.0678,0.149,0.123,0.337,85.012,0,1446163200
78,7,260285,77,0.681,0.174,1.0,-8.745,1.0,0.0315,0.837,3.35e-05,0.0983,0.231,112.672,0,1520553600
0,4,242733,82,0.778,0.547,2.0,-7.273,1.0,0.0489,0.346,0.000302,0.132,0.441,95.002,0,1347840000
83,9,235213,76,0.727,0.974,4.0,-2.261,0.0,0.0664,0.103,0.000532,0.174,0.965,79.526,0,-9223372037
72,13,201160,86,0.722,0.758,11.0,-4.477,0.0,0.0471,0.0111,0.0,0.308,0.62,128.047,0,-9223372037
1,2,229773,87,0.645,0.862,11.0,-4.757,0.0,0.0965,0.0923,0.0,0.192,0.798,119.991,0,1555027200
2,5,289133,81,0.743,0.766,0.0,-6.375,1.0,0.0265,0.0873,0.0,0.509,0.61,127.96,0,1230768000
79,2,242096,93,0.586,0.616,5.0,-7.964,1.0,0.0324,0.182,0.0,0.0927,0.719,148.088,0,1636588800
76,3,190185,77,0.674,0.426,7.0,-9.504,1.0,0.122,0.12,0.0,0.132,0.337,84.876,0,1380240000
66,1,212424,74,0.644,0.57,9.0,-6.994,1.0,0.052,0.484,0.0,0.299,0.527,113.945,0,1449187200
84,6,216933,71,0.692,0.711,0.0,-7.498,0.0,0.0317,0.225,0.0,0.12,0.875,125.135,0,410486400
76,9,221820,88,0.73,0.729,4.0,-3.434,0.0,0.0884,0.167,1.39e-06,0.349,0.467,113.011,0,1585267200
70,1,122066,86,0.693,0.497,2.0,-7.316,1.0,0.119,0.679,0.0,0.258,0.473,81.308,0,246844800
64,4,160333,82,0.743,0.47,0.0,-13.154,1.0,0.029,0.0936,3.15e-05,0.186,0.89,116.122,0,29376000
75,9,180522,74,0.889,0.496,4.0,-6.365,0.0,0.0905,0.259,0.0,0.252,0.544,86.003,1,1543536000
73,1,164000,85,0.798,0.62,8.0,-7.079,0.0,0.232,0.414,0.0192,0.112,0.235,120.031,0,1600214400
83,2,268426,74,0.666,0.855,9.0,-5.051,0.0,0.0295,0.179,1.2e-06,0.0987,0.803,125.639,0,668736000
47,1,193466,72,0.783,0.584,7.0,-6.572,1.0,0.041,0.0109,2.87e-06,0.108,0.631,120.026,0,1325376000
84,11,153190,90,0.601,0.741,2.0,-5.569,1.0,0.0478,0.185,2.91e-05,0.415,0.441,153.96,0,1616112000
85,16,250760,93,0.637,0.678,0.0,-3.798,1.0,0.266,0.209,0.0,0.156,0.254,84.039,1,1100217600
84,4,229360,85,0.721,0.802,1.0,-5.797,1.0,0.0583,0.0921,0.0,0.694,0.724,124.022,1,1416528000
82,10,213400,92,0.8,0.585,10.0,-7.343,1.0,0.0924,0.264,0.0,0.153,0.779,126.058,1,1492128000
76,4,206458,82,0.516,0.342,4.0,-8.985,1.0,0.0425,0.55,0.0,0.21,0.0993,102.819,0,1578614400
78,1,243773,69,0.815,0.438,0.0,-14.522,0.0,0.0346,0.216,0.000466,0.0787,0.552,108.965,0,-9223372037
76,6,156943,84,0.719,0.454,2.0,-7.384,1.0,0.0707,0.0138,4.83e-06,0.318,0.224,131.007,0,1674777600
77,4,143901,76,0.737,0.846,1.0,-4.51,0.0,0.22,0.00614,0.0,0.0486,0.546,87.981,1,1631836800
79,4,210960,69,0.646,0.795,9.0,-3.293,1.0,0.0976,0.0319,0.0,0.267,0.796,89.99,0,1320969600
85,2,209831,83,0.524,0.364,7.0,-10.209,1.0,0.0367,0.808,0.0,0.1,0.436,75.24,0,1503619200
78,1,163216,68,0.752,0.764,1.0,-4.399,1.0,0.038,0.0476,9.44e-05,0.0543,0.582,121.958,0,1509062400
1,5,241693,88,0.61,0.683,2.0,-3.879,0.0,0.0253,0.00382,1.79e-06,0.125,0.466,108.003,0,1295395200
21,2,225146,91,0.564,0.71,11.0,-4.92,0.0,0.0461,0.00125,0.0,0.109,0.393,91.972,0,1356998400
81,1,189466,89,0.704,0.611,2.0,-6.112,1.0,0.041,0.217,0.0,0.0812,0.22,99.994,0,1541721600
75,6,256532,92,0.675,0.561,7.0,-7.678,1.0,0.0352,0.233,0.0,0.0793,0.309,130.098,1,1481241600
75,8,223413,87,0.893,0.745,11.0,-3.105,0.0,0.0571,0.0642,0.0,0.0943,0.872,101.018,1,1498780800
0,3,201240,89,0.675,0.674,1.0,-4.984,1.0,0.0305,0.0409,0.0,0.128,0.569,134.941,0,1498176000
87,7,226600,85,0.672,0.52,8.0,-7.747,1.0,0.0353,0.859,0.0,0.115,0.37,120.001,0,1416182400
70,6,219200,100,0.647,0.785,7.0,-5.414,1.0,0.165,0.0561,0.0,0.148,0.943,160.015,0,1414368000
82,14,258298,95,0.647,0.686,3.0,-5.745,0.0,0.0413,0.08,1.34e-06,0.528,0.268,79.928,0,1651795200
60,6,211760,72,0.654,0.798,0.0,-4.084,1.0,0.0451,0.188,0.0,0.15,0.574,92.207,0,1548374400
79,3,262533,71,0.64,0.743,10.0,-4.08,1.0,0.0379,0.269,0.0,0.101,0.361,122.035,0,1126569600
71,1,174800,68,0.664,0.708,8.0,-4.154,1.0,0.0474,0.0337,0.0,0.0841,0.742,103.07,0,1504828800
84,7,217866,93,0.498,0.59,1.0,-4.721,0.0,0.032,0.511,0.0,0.107,0.0784,145.867,0,1273536000
76,5,210560,86,0.664,0.609,1.0,-6.509,1.0,0.0707,0.304,0.0,0.0926,0.194,130.041,1,1624579200
82,15,298899,95,0.332,0.225,0.0,-8.697,1.0,0.0348,0.767,0.00349,0.128,0.297,81.055,1,1627603200
84,7,185733,86,0.557,0.54,9.0,-10.484,1.0,0.0347,0.0339,0.00248,0.179,0.394,129.177,0,-8380800
77,10,226198,91,0.573,0.711,1.0,-6.268,0.0,0.0406,0.0114,0.0,0.328,0.47,105.006,0,1634256000
85,2,250373,83,0.894,0.791,2.0,-4.699,1.0,0.112,0.0183,0.0,0.0388,0.583,105.018,0,1080000000
0,5,163133,79,0.685,0.466,0.0,-9.074,1.0,0.0304,0.794,2.06e-06,0.0915,0.353,79.936,0,1333411200
73,1,192789,67,0.655,0.819,0.0,-4.852,1.0,0.0316,0.000176,0.00374,0.104,0.766,117.956,0,-9223372037
84,5,198293,82,0.765,0.356,11.0,-5.556,0.0,0.195,0.223,0.0,0.0963,0.189,96.991,1,1443744000
82,3,278719,91,0.449,0.585,5.0,-6.761,1.0,0.0268,0.0509,8.75e-05,0.0833,0.212,139.631,0,1319414400
86,2,233720,73,0.609,0.692,1.0,-2.958,1.0,0.0259,0.0157,0.0,0.0864,0.454,116.959,0,1493942400
72,1,236160,74,0.453,0.655,9.0,-4.22,1.0,0.0257,0.0794,7.06e-06,0.0849,0.366,172.01,0,1072915200
79,5,386906,92,0.716,0.531,7.0,-7.355,1.0,0.122,0.0703,0.0,0.224,0.344,71.994,1,-9223372037
80,3,228360,80,0.393,0.858,4.0,-2.868,0.0,0.0729,0.00359,0.0,0.102,0.56,176.042,0,1421366400
0,1,273684,81,0.486,0.652,11.0,-7.226,0.0,0.052,0.408,6.63e-05,0.077,0.391,113.055,0,1435104000
77,3,218920,83,0.5,0.824,4.0,-5.846,0.0,0.0388,0.00016,0.00161,0.0916,0.539,120.125,0,685843200
87,1,175238,90,0.561,0.965,7.0,-3.673,0.0,0.0343,0.00383,7.07e-06,0.371,0.304,128.04,1,1661472000
54,2,160097,79,0.664,0.573,5.0,-6.519,1.0,0.0277,0.613,0.000363,0.0857,0.566,76.02,0,1460073600
64,1,235613,73,0.781,0.526,6.0,-6.985,0.0,0.293,0.0619,0.0,0.0457,0.662,94.992,1,1343779200
82,1,148485,85,0.704,0.797,0.0,-5.927,1.0,0.0475,0.0826,0.000745,0.0546,0.825,139.994,0,1652400000
81,10,213061,95,0.801,0.475,7.0,-8.797,0.0,0.0516,0.141,1.73e-05,0.0639,0.234,98.047,1,1651795200
74,3,190476,80,0.823,0.586,6.0,-6.606,0.0,0.2,0.114,0.0,0.193,0.347,125.971,1,1593734400
85,6,140773,82,0.64,0.663,0.0,-7.516,1.0,0.0374,0.201,0.00806,0.152,0.663,132.77,0,-5184000
80,2,309120,84,0.804,0.787,10.0,-3.824,0.0,0.0746,0.14,0.0,0.0927,0.562,91.974,0,1558656000
83,9,210200,90,0.549,0.502,0.0,-5.972,1.0,0.0405,0.299,0.0,0.764,0.291,129.842,0,1538697600
79,6,240133,84,0.567,0.267,4.0,-6.502,1.0,0.0299,0.839,1.46e-06,0.089,0.0592,110.011,0,1576195200
80,1,298933,71,0.629,0.545,10.0,-13.123,0.0,0.0546,0.719,0.00308,0.0604,0.194,108.376,0,495676800
77,1,188238,91,0.582,0.272,2.0,-5.662,1.0,0.0501,0.875,0.0,0.13,0.354,205.846,0,1422057600
80,5,205040,86,0.854,0.569,5.0,-8.151,0.0,0.106,0.0609,0.0816,0.1,0.294,80.015,1,1527206400
80,2,185946,92,0.638,0.523,1.0,-6.664,1.0,0.357,0.00454,0.0,0.0842,0.422,139.913,1,1492128000
84,12,196400,85,0.669,0.574,4.0,-6.442,0.0,0.0286,0.0175,0.00294,0.146,0.273,120.013,0,1541721600
75,3,204173,75,0.671,0.672,0.0,-3.094,0.0,0.0688,0.0329,0.0,0.118,0.632,97.979,1,1498089600
75,1,212606,67,0.732,0.463,11.0,-6.972,0.0,0.0287,0.374,0.0,0.194,0.397,95.971,0,1573171200
80,3,239266,86,0.495,0.722,6.0,-8.108,0.0,0.357,0.0697,0.0,0.113,0.539,175.627,1,1418083200
19,2,168551,62,0.695,0.54,4.0,-5.688,1.0,0.0491,0.299,0.0,0.369,0.415,121.947,1,1647561600
85,5,120026,88,0.746,0.251,11.0,-16.169,0.0,0.259,0.782,0.00203,0.106,0.18,139.999,1,1503619200
66,6,348760,77,0.725,0.801,5.0,-10.059,1.0,0.0302,0.0722,0.0339,0.339,0.925,148.211,0,276566400
81,1,291293,77,0.709,0.824,1.0,-8.824,1.0,0.0453,0.207,0.000307,0.0888,0.867,118.818,0,549590400
84,2,230400,82,0.543,0.87,9.0,-6.514,1.0,0.0428,0.358,0.000939,0.792,0.754,100.804,0,-9223372037
84,6,198800,82,0.774,0.838,5.0,-3.914,0.0,0.114,0.0249,0.025,0.242,0.924,143.04,0,1068681600
77,1,233456,80,0.44,0.317,8.0,-9.258,1.0,0.0531,0.891,4.78e-06,0.141,0.268,169.914,0,1667520000
0,1,195561,71,0.786,0.69,3.0,-4.665,1.0,0.04,0.0865,9.03e-05,0.238,0.485,122.006,0,1455840000
87,1,160239,73,0.575,0.648,10.0,-4.891,1.0,0.0358,0.583,0.0,0.115,0.466,75.977,0,1417132800
82,6,216053,76,0.509,0.834,2.0,-6.205,1.0,0.0386,0.0183,0.0,0.0732,0.774,139.13,0,468460800
74,13,185146,66,0.453,0.35,9.0,-11.639,0.0,0.0425,0.827,0.00122,0.144,0.279,72.017,0,1605139200
0,1,273600,81,0.445,0.955,8.0,-8.027,1.0,0.0856,0.0326,0.284,0.317,0.336,123.343,0,553824000
70,8,388733,84,0.547,0.394,4.0,-9.793,0.0,0.0262,0.0522,6.4e-06,0.0795,0.17,142.37,0,681955200
75,2,238614,96,0.912,0.412,7.0,-8.074,1.0,0.123,0.0165,0.0126,0.104,0.423,154.983,1,1530230400
70,3,222706,77,0.74,0.622,11.0,-4.608,0.0,0.0446,0.0357,4.85e-05,0.356,0.556,104.966,0,1543536000
75,2,220573,79,0.583,0.695,9.0,-5.336,1.0,0.0423,0.0138,0.0,0.0527,0.224,104.879,0,1470355200
75,7,209493,65,0.429,0.486,1.0,-9.971,1.0,0.101,0.866,0.0,0.0982,0.661,146.99,0,1624579200
86,3,221306,100,0.359,0.543,7.0,-7.582,1.0,0.0919,0.492,1.58e-05,0.118,0.453,68.534,0,1566518400
78,1,212640,87,0.738,0.868,11.0,-4.373,0.0,0.0731,0.0392,0.00169,0.388,0.336,122.003,0,1437091200
78,2,305746,68,0.188,0.411,0.0,-9.733,1.0,0.0484,0.174,0.153,0.0843,0.159,187.376,0,1371427200
83,1,294573,90,0.695,0.921,0.0,-3.752,1.0,0.0363,0.00314,5.26e-05,0.0842,0.714,119.007,1,1257379200
77,1,148197,81,0.671,0.636,6.0,-8.117,0.0,0.103,0.515,0.000411,0.172,0.262,120.966,0,1627603200
0,1,192106,85,0.723,0.711,0.0,-5.576,0.0,0.0378,0.0997,0.0,0.0528,0.606,138.098,0,1438300800
78,1,228482,92,0.597,0.45,8.0,-6.658,1.0,0.0418,0.223,0.0,0.382,0.537,178.765,0,1588896000
68,3,231000,100,0.598,0.786,2.0,-5.572,1.0,0.0383,0.00253,0.0016,0.117,0.456,95.019,0,1414368000
83,12,207626,92,0.863,0.502,1.0,-7.912,1.0,0.0496,0.61,0.00765,0.11,0.567,111.029,0,1677196800
86,1,173104,83,0.603,0.784,6.0,-4.023,1.0,0.062,0.446,8.32e-06,0.119,0.769,172.041,0,1487548800
78,2,203569,95,0.483,0.412,7.0,-8.461,1.0,0.0402,0.737,0.0,0.116,0.247,170.163,0,1513900800
84,2,239560,100,0.613,0.581,0.0,-8.588,0.0,0.0424,0.537,0.000345,0.25,0.551,130.033,0,1595548800
85,1,236053,92,0.324,0.416,11.0,-8.92,0.0,0.0368,0.262,3.69e-05,0.11,0.151,113.986,0,1356998400
83,10,221520,90,0.716,0.613,1.0,-6.018,0.0,0.0522,0.391,0.0,0.0813,0.157,97.914,1,1669939200
84,3,211000,93,0.79,0.647,10.0,-5.983,0.0,0.136,0.0515,0.0,0.248,0.654,87.999,0,1227484800
81,5,232066,83,0.686,0.494,1.0,-7.093,1.0,0.0355,0.613,5.8e-05,0.402,0.7,168.946,1,1657843200
78,15,160000,80,0.709,0.548,10.0,-8.493,1.0,0.353,0.65,1.59e-06,0.133,0.543,83.995,1,1593734400
86,1,195373,80,0.684,0.607,11.0,-8.127,0.0,0.1,0.0267,0.000307,0.191,0.498,81.001,0,1290729600
75,22,239317,79,0.801,0.806,11.0,-5.206,1.0,0.0381,0.382,0.000669,0.114,0.802,106.999,0,1682553600
68,1,247058,96,0.834,0.454,1.0,-9.75,0.0,0.201,0.321,6.15e-06,0.114,0.837,81.618,1,1585872000
73,2,168227,81,0.831,0.554,1.0,-9.998,0.0,0.218,0.161,6.12e-05,0.152,0.396,140.026,1,1631232000
84,3,184613,88,0.755,0.562,9.0,-8.947,0.0,0.0355,0.0186,0.000231,0.18,0.368,116.931,1,1570147200
78,5,217746,85,0.468,0.779,9.0,-4.839,1.0,0.0779,0.112,0.000373,0.101,0.26,173.799,0,1477008000
79,2,220492,81,0.736,0.308,4.0,-7.83,1.0,0.0677,0.946,0.0,0.186,0.361,111.202,0,1558051200
0,16,263373,96,0.793,0.653,7.0,-7.839,1.0,0.103,0.0484,4.91e-05,0.1,0.393,117.993,1,1463097600
71,14,131064,70,0.71,0.789,4.0,-3.874,1.0,0.0722,0.0161,2.77e-06,0.451,0.717,142.929,1,1523491200
45,1,202120,75,0.706,0.247,5.0,-17.961,1.0,0.0311,0.261,0.0,0.103,0.424,127.812,0,1383436800
79,6,211853,100,0.766,0.709,9.0,-6.471,0.0,0.123,0.204,1.41e-05,0.126,0.506,128.07,0,1510272000
70,1,207904,82,0.6,0.725,6.0,-4.866,1.0,0.0487,0.0933,1.87e-06,0.12,0.506,102.056,0,1525910400
85,7,269000,84,0.618,0.938,9.0,-3.442,1.0,0.0456,0.0179,0.0,0.167,0.875,91.455,0,1026172800
24,1,142000,85,0.538,0.471,4.0,-9.84,0.0,0.0955,0.0946,0.0185,0.116,0.307,93.07,1,-9223372037
81,2,199906,74,0.589,0.89,4.0,-3.719,0.0,0.06,0.000481,0.00082,0.201,0.687,90.586,1,988156800
69,3,230000,79,0.895,0.694,9.0,-4.384,1.0,0.275,0.176,0.0,0.292,0.632,93.944,1,1172793600
79,6,198370,77,0.449,0.465,0.0,-8.964,1.0,0.0791,0.524,1.02e-06,0.303,0.543,89.087,0,1585267200
83,4,242293,78,0.808,0.97,10.0,-6.098,0.0,0.0504,0.0573,6.17e-05,0.154,0.868,114.328,0,1136073600
81,9,221176,81,0.742,0.882,7.0,-2.862,1.0,0.117,0.0466,0.0,0.206,0.463,102.04,0,1530230400
72,9,212040,88,0.317,0.172,10.0,-10.636,1.0,0.0326,0.907,0.000383,0.105,0.0963,65.18,0,1201478400
75,5,228759,82,0.861,0.603,8.0,-5.788,0.0,0.176,0.0521,0.0,0.0924,0.504,98.043,1,1544745600
75,5,197546,92,0.602,0.658,1.0,-5.934,1.0,0.0558,0.0233,6e-05,0.237,0.268,145.031,1,1534464000
78,1,236133,87,0.646,0.77,2.0,-6.596,0.0,0.226,0.00249,0.0,0.0715,0.681,99.165,0,1056412800
40,9,363521,93,0.709,0.843,7.0,-2.66,1.0,0.314,0.395,0.0,0.799,0.625,148.134,1,1383609600
69,13,229400,60,0.407,0.147,2.0,-8.822,1.0,0.0355,0.857,2.89e-06,0.0913,0.0765,141.284,0,1390176000
78,1,223546,87,0.671,0.771,7.0,-4.821,0.0,0.0316,0.00492,7.28e-06,0.354,0.436,90.003,0,1356998400
84,2,199693,80,0.755,0.837,2.0,-2.718,0.0,0.142,0.0991,0.0,0.289,0.714,120.028,0,1262304000
79,6,225053,79,0.63,0.53,0.0,-7.259,1.0,0.0434,0.4,0.0,0.177,0.417,108.038,0,1420761600
83,1,202266,80,0.464,0.795,1.0,-9.267,1.0,0.0926,0.0493,0.00244,0.399,0.612,158.691,0,-117244800
82,4,306440,78,0.309,0.649,7.0,-8.994,1.0,0.035,0.0158,0.00591,0.367,0.312,166.915,0,781142400
81,4,219048,80,0.845,0.677,11.0,-4.798,0.0,0.136,0.269,0.000917,0.108,0.68,90.013,0,1591920000
83,2,235893,75,0.331,0.943,4.0,-3.188,0.0,0.0698,0.00721,2.06e-06,0.242,0.296,94.612,0,1046736000
84,6,227266,87,0.646,0.823,2.0,-4.123,0.0,0.0394,0.213,0.0,0.322,0.418,128.035,0,1414713600
76,1,184447,75,0.41,0.611,4.0,-8.271,0.0,0.0467,0.0228,0.0,0.116,0.0899,185.727,0,1578614400
38,2,182066,65,0.836,0.741,8.0,-1.609,1.0,0.0339,0.0172,0.0583,0.0826,0.611,111.963,0,1146528000
82,2,222706,80,0.541,0.959,0.0,-2.947,0.0,0.0505,0.0663,2.18e-06,0.344,0.812,122.805,0,524534400
3,1,299760,76,0.39,0.649,2.0,-5.163,1.0,0.0345,0.172,0.0,0.216,0.144,121.16,0,903398400
82,8,175933,88,0.395,0.443,6.0,-9.72,1.0,0.133,0.765,9.67e-06,0.0839,0.338,168.924,1,1621555200
76,13,268434,73,0.759,0.73,0.0,-7.985,0.0,0.0516,0.145,3.06e-06,0.11,0.74,115.007,1,1533254400
78,13,196520,72,0.764,0.705,3.0,-5.279,0.0,0.0278,0.0371,1.94e-05,0.0943,0.672,101.003,0,1420934400
82,2,238266,73,0.71,0.799,6.0,-4.897,1.0,0.0328,0.22,0.000602,0.349,0.725,120.372,0,434937600
66,1,126266,59,0.598,0.47,8.0,-8.744,1.0,0.0496,0.617,0.0,0.505,0.879,67.086,0,-164160000
67,1,204093,92,0.525,0.621,7.0,-7.364,1.0,0.117,0.0489,0.0,0.291,0.592,191.868,0,1416787200
79,7,260000,74,0.798,0.744,7.0,-5.328,0.0,0.136,0.33,0.000106,0.292,0.794,82.356,1,721958400
83,11,250546,78,0.413,0.881,11.0,-5.541,0.0,0.0367,5.99e-05,0.000308,0.0805,0.364,158.066,0,864086400
79,5,258399,84,0.776,0.711,3.0,-9.03,0.0,0.0473,0.0242,0.000353,0.234,0.901,138.728,0,407462400
79,1,212862,77,0.612,0.84,11.0,-3.145,0.0,0.0509,0.112,0.0,0.116,0.438,129.042,0,1347580800
80,7,270213,83,0.545,0.67,9.0,-8.81,1.0,0.0496,0.009,0.000822,0.0451,0.481,151.553,0,223862400
7,4,290146,85,0.369,0.467,5.0,-9.018,1.0,0.0274,0.0194,0.46,0.109,0.174,94.473,0,1496966400
77,13,232533,64,0.658,0.291,2.0,-10.572,1.0,0.0292,0.872,0.0,0.114,0.295,103.962,0,1104537600
7,3,266960,76,0.307,0.433,1.0,-10.057,1.0,0.029,0.388,9.08e-05,0.332,0.224,160.9,0,95040000
0,2,223080,88,0.69,0.524,6.0,-8.39,0.0,0.103,0.0415,3.16e-06,0.17,0.562,164.023,0,1466726400
80,4,207626,93,0.629,0.696,1.0,-5.572,0.0,0.348,0.0195,0.0,0.0554,0.623,93.034,1,1125360000
2,2,235946,92,0.664,0.602,4.0,-5.369,0.0,0.0412,0.0529,0.0,0.356,0.289,134.049,0,1463702400
0,2,243960,72,0.521,0.752,11.0,-5.374,0.0,0.0369,0.0191,0.0,0.0682,0.3,105.051,0,1318896000
81,5,281613,83,0.601,0.532,10.0,-9.119,1.0,0.0286,0.433,5.95e-06,0.0925,0.342,136.576,0,75081600
82,8,167066,80,0.434,0.897,0.0,-4.918,1.0,0.0488,0.0103,0.0,0.612,0.685,148.708,0,928195200
79,1,248413,81,0.794,0.811,6.0,-8.966,0.0,0.038,0.0426,1.07e-06,0.101,0.862,116.047,0,1366329600
82,7,160191,85,0.653,0.524,11.0,-9.016,0.0,0.0502,0.112,0.0,0.203,0.553,83.97,0,1607040000
81,4,243716,95,0.65,0.715,5.0,-5.198,0.0,0.253,0.0993,0.000291,0.126,0.187,106.672,1,1651795200
83,1,165264,89,0.772,0.75,5.0,-3.67,0.0,0.0455,0.0201,0.0,0.074,0.587,114.061,0,1656633600
77,5,142273,87,0.963,0.346,5.0,-9.309,0.0,0.53,0.0355,0.0,0.108,0.562,119.957,1,1526601600
72,4,182200,90,0.672,0.855,9.0,-3.764,1.0,0.0397,0.021,0.0,0.323,0.646,123.056,0,1590710400
73,1,226738,82,0.713,0.802,4.0,-7.055,1.0,0.0561,0.0435,0.00377,0.309,0.343,100.001,0,1434412800
76,2,192190,80,0.688,0.702,7.0,-4.792,0.0,0.0499,0.0215,0.0,0.128,0.74,94.006,0,1428364800
71,1,213309,87,0.781,0.768,11.0,-5.991,1.0,0.0394,0.0119,4.91e-06,0.325,0.486,123.07,0,1534464000
88,3,184516,88,0.545,0.545,9.0,-7.362,1.0,0.107,0.667,5.48e-05,0.417,0.549,159.94,0,1471651200
77,4,181672,82,0.662,0.858,2.0,-4.844,1.0,0.0428,0.00163,0.0,0.0456,0.295,133.993,1,1502323200
35,18,195313,74,0.729,0.832,1.0,-5.012,1.0,0.0474,0.352,0.0,0.266,0.697,117.963,0,1499990400
75,1,207719,79,0.775,0.68,0.0,-5.508,0.0,0.0629,0.00906,0.0,0.109,0.656,114.025,0,1432857600
72,8,113000,76,0.907,0.53,1.0,-6.112,1.0,0.127,0.0578,2.23e-06,0.101,0.507,135.998,0,1561075200
71,1,167693,70,0.654,0.63,10.0,-4.644,1.0,0.0259,0.153,0.0,0.111,0.43,89.991,0,1570147200
0,1,229573,92,0.765,0.688,4.0,-5.566,1.0,0.0841,0.633,0.0,0.0734,0.434,90.013,1,1508457600
57,1,207199,75,0.331,0.223,4.0,-11.274,1.0,0.0338,0.88,5.92e-06,0.343,0.355,92.896,0,1319414400
78,3,209259,77,0.515,0.593,4.0,-4.801,1.0,0.0322,0.653,0.162,0.25,0.153,94.467,0,1663891200
76,7,180055,67,0.65,0.306,9.0,-9.443,1.0,0.0393,0.57,7.07e-06,0.0707,0.605,118.068,0,-232502400
78,12,237720,68,0.671,0.673,11.0,-6.941,0.0,0.0444,0.148,5.29e-05,0.304,0.494,121.963,0,1498176000
80,1,357266,68,0.356,0.917,9.0,-6.006,1.0,0.0479,0.0335,0.0,0.406,0.518,171.176,0,875491200
76,1,179080,66,0.498,0.235,1.0,-16.541,0.0,0.188,0.72,0.0,0.144,0.0895,118.917,0,1538956800
78,4,204326,77,0.329,0.235,10.0,-7.699,1.0,0.0303,0.918,0.0,0.137,0.22,171.006,0,1520553600
84,1,147062,75,0.345,0.941,9.0,-9.918,1.0,0.0466,3.84e-05,0.633,0.0511,0.407,179.626,0,1621036800
73,3,255866,77,0.73,0.735,1.0,-5.451,1.0,0.0923,0.0176,0.000189,0.089,0.541,121.985,0,1370217600
73,10,193143,95,0.905,0.389,8.0,-14.505,1.0,0.332,0.74,0.162,0.106,0.196,120.046,0,1553817600
81,14,218364,96,0.529,0.673,0.0,-4.711,1.0,0.175,0.000307,2.41e-06,0.093,0.366,165.921,1,1655424000
59,3,222040,55,0.67,0.838,0.0,-4.031,1.0,0.0362,0.0604,0.000611,0.159,0.717,104.998,0,1476748800
0,16,299146,88,0.641,0.176,6.0,-11.692,1.0,0.0349,0.638,5.14e-06,0.252,0.297,76.031,0,1403308800
84,8,111626,95,0.715,0.47,5.0,-12.638,0.0,0.0772,0.353,0.0923,0.104,0.426,89.965,0,1479945600
65,5,223613,83,0.586,0.941,5.0,-5.139,1.0,0.0375,0.0167,0.000776,0.068,0.831,135.448,0,223862400
73,1,189413,64,0.763,0.875,9.0,-5.797,0.0,0.0262,0.024,5.41e-06,0.599,0.8,123.013,0,1400198400
0,6,303200,63,0.542,0.589,2.0,-6.623,1.0,0.0318,0.292,0.000522,0.177,0.137,111.665,0,1247529600
64,1,189126,71,0.671,0.916,6.0,-4.014,0.0,0.0397,0.0282,0.00762,0.24,0.803,126.01,0,1459468800
1,1,208133,64,0.829,0.51,5.0,-9.334,0.0,0.0369,0.00821,0.0014,0.0829,0.45,119.993,0,1391731200
86,8,261922,100,0.532,0.623,5.0,-9.208,1.0,0.0331,0.538,7.28e-05,0.0925,0.403,89.937,0,1595548800
73,21,205906,82,0.628,0.69,8.0,-5.83,1.0,0.0511,0.443,0.0,0.113,0.66,179.908,0,1484870400
74,5,291893,71,0.794,0.632,0.0,-6.163,1.0,0.0649,0.142,0.0,0.128,0.355,145.926,1,1470960000
77,2,227480,63,0.509,0.671,1.0,-5.709,1.0,0.0678,0.304,0.0,0.0452,0.55,118.413,0,1444348800
0,1,204502,62,0.869,0.485,6.0,-5.595,1.0,0.0545,0.246,0.0,0.0765,0.527,106.028,0,1495065600
3,1,181263,56,0.922,0.581,10.0,-7.495,1.0,0.27,0.00104,5.86e-05,0.105,0.595,140.022,1,1518134400
67,12,238906,62,0.785,0.525,6.0,-7.556,1.0,0.042,0.665,0.423,0.114,0.251,90.853,0,1510272000
0,1,207813,96,0.924,0.543,9.0,-7.474,0.0,0.298,0.182,0.0,0.103,0.736,133.907,1,1477267200
46,1,186146,75,0.777,0.564,2.0,-6.967,0.0,0.0315,0.683,0.000252,0.0696,0.465,117.973,0,1425340800
76,5,214840,92,0.686,0.702,7.0,-5.325,0.0,0.0455,0.00637,4.46e-05,0.204,0.29,129.948,0,1408665600
67,1,202204,84,0.561,0.682,1.0,-4.931,0.0,0.0856,0.153,0.0,0.0763,0.359,165.944,0,1563494400
79,5,263786,91,0.638,0.924,7.0,-3.887,1.0,0.036,0.00205,0.000175,0.149,0.53,111.995,0,1449187200
0,1,199938,69,0.911,0.709,10.0,-4.139,0.0,0.0673,0.105,0.0,0.0491,0.365,94.979,1,1388534400
7,3,255093,82,0.545,0.78,7.0,-4.867,0.0,0.0436,0.0309,4.64e-05,0.0828,0.458,125.014,0,1379030400
0,8,227880,96,0.776,0.413,6.0,-7.438,0.0,0.0952,0.00415,2.68e-05,0.0724,0.287,100.003,0,1356998400
72,1,196693,71,0.618,0.717,7.0,-5.738,1.0,0.318,0.00256,0.0,0.625,0.603,190.05,1,1435536000
76,4,227073,71,0.506,0.805,1.0,-4.119,1.0,0.0469,0.00711,0.00193,0.0856,0.383,126.008,0,1433462400
52,1,263053,64,0.861,0.504,7.0,-7.707,1.0,0.0489,0.00412,1.78e-05,0.0783,0.881,120.0,0,1356998400
0,1,485360,82,0.344,0.509,5.0,-6.607,0.0,0.0722,0.24,0.0,0.083,0.529,76.004,0,1360540800
0,1,267693,69,0.455,0.786,1.0,-5.16,1.0,0.0338,0.0234,0.0,0.145,0.416,103.172,0,1293840000
73,3,250626,69,0.378,0.638,10.0,-5.576,1.0,0.075,0.02,7.66e-05,0.0849,0.735,184.086,0,1329782400
76,2,231240,84,0.613,0.622,1.0,-5.794,0.0,0.0334,0.00882,0.0,0.37,0.484,80.003,0,1380844800
74,1,258373,88,0.642,0.289,9.0,-9.918,1.0,0.0367,0.669,0.0,0.18,0.407,84.996,0,1315526400
70,5,189840,89,0.635,0.926,0.0,-5.589,1.0,0.15,0.0892,4.4e-06,0.0928,0.771,100.043,0,1346716800
62,1,225205,59,0.886,0.525,8.0,-7.39,1.0,0.132,0.236,0.0,0.057,0.708,145.99,1,1459900800
80,4,178560,93,0.874,0.692,5.0,-5.28,0.0,0.0431,0.0412,7.24e-05,0.324,0.937,116.017,1,1354838400
83,2,245493,85,0.6,0.663,3.0,-5.802,1.0,0.0477,0.225,0.0,0.119,0.286,121.07,0,1385337600
3,1,199903,82,0.605,0.873,1.0,-5.938,0.0,0.0344,0.0534,0.837,0.314,0.476,126.026,0,1293840000
0,7,233786,86,0.869,0.687,1.0,-6.816,1.0,0.263,0.0208,1e-06,0.114,0.668,96.006,1,1357862400
76,1,230813,87,0.736,0.795,1.0,-3.299,0.0,0.0545,0.498,1.21e-06,0.254,0.511,104.066,1,1498780800
67,1,253106,62,0.746,0.653,7.0,-6.745,1.0,0.289,0.378,0.0,0.229,0.672,75.016,1,1480636800
2,4,343150,77,0.926,0.666,11.0,-5.314,1.0,0.244,0.0611,0.0,0.123,0.168,127.079,1,1491523200
64,3,222360,80,0.785,0.575,1.0,-5.628,0.0,0.133,0.105,0.0,0.129,0.272,81.529,1,1486080000
76,3,292093,93,0.542,0.914,0.0,-4.747,0.0,0.113,0.0161,0.0,0.744,0.576,153.993,1,1290384000
56,1,222786,66,0.739,0.619,10.0,-6.669,1.0,0.162,0.0572,0.0,0.105,0.58,112.961,0,1490918400
65,1,193613,62,0.703,0.868,7.0,-4.661,0.0,0.0291,0.15,0.132,0.104,0.733,121.03,1,1488412800
74,9,179613,92,0.665,0.498,5.0,-8.185,1.0,0.083,0.23,0.0,0.0757,0.127,81.958,1,1481241600
79,5,200373,68,0.731,0.867,11.0,-5.881,1.0,0.032,0.0394,0.0,0.0861,0.776,104.02,0,928800000
52,1,223962,80,0.929,0.723,11.0,-5.792,0.0,0.109,0.0672,0.0,0.346,0.458,125.022,1,1497571200
74,4,173947,79,0.902,0.582,5.0,-5.902,0.0,0.109,0.111,3.18e-06,0.111,0.332,107.005,1,1651795200
44,1,181614,74,0.739,0.791,11.0,-4.255,0.0,0.0418,0.0883,0.0,0.0516,0.547,104.015,0,1499990400
72,4,224573,69,0.884,0.765,8.0,-3.865,1.0,0.0882,0.063,7.04e-06,0.118,0.594,99.987,0,1422576000
78,3,195840,87,0.852,0.773,8.0,-2.921,0.0,0.0776,0.187,3.05e-05,0.159,0.907,102.034,0,1495756800
67,3,243413,78,0.723,0.777,7.0,-3.503,1.0,0.108,0.0426,3.68e-06,0.0451,0.961,91.017,0,1388534400
74,4,188174,76,0.735,0.425,0.0,-6.648,1.0,0.0464,0.011,0.0,0.055,0.848,85.896,0,1508457600
78,5,302840,75,0.451,0.931,9.0,-3.871,1.0,0.0719,0.00076,0.0049,0.361,0.172,122.961,0,1197590400
71,13,232786,76,0.744,0.859,11.0,-3.166,1.0,0.0795,0.0256,6.27e-05,0.0881,0.787,91.977,0,1512086400
74,3,222560,67,0.761,0.838,4.0,-3.073,0.0,0.0502,0.4,0.0,0.176,0.71,93.974,0,1472169600
72,7,209453,77,0.832,0.772,10.0,-5.429,1.0,0.1,0.0559,0.000486,0.44,0.704,96.016,0,1475193600
0,10,227600,73,0.852,0.616,0.0,-4.728,1.0,0.0747,0.045,0.0,0.321,0.685,94.758,0,965692800
76,3,268866,78,0.589,0.731,2.0,-6.343,1.0,0.0868,0.0534,0.0,0.308,0.191,87.908,1,1513296000
59,1,173720,75,0.733,0.892,0.0,-3.641,1.0,0.0417,0.0376,0.0,0.137,0.675,95.989,0,1510876800
87,1,228013,91,0.369,0.192,4.0,-12.151,0.0,0.04,0.555,8.35e-06,0.0954,0.148,175.212,0,1650585600
71,7,213427,77,0.583,0.732,11.0,-5.729,0.0,0.0459,0.00315,9.57e-06,0.269,0.277,146.005,0,1489708800
78,4,201287,75,0.673,0.735,5.0,-4.733,1.0,0.0457,0.286,0.0,0.242,0.754,115.744,0,1521763200
77,2,334666,84,0.427,0.9,11.0,-3.674,1.0,0.0499,0.116,1.75e-05,0.119,0.599,104.655,0,1147132800
81,3,267080,91,0.834,0.669,6.0,-5.582,0.0,0.0637,0.0341,7.18e-05,0.0535,0.547,122.669,0,1212364800
68,4,180440,82,0.825,0.494,9.0,-10.486,1.0,0.0699,0.00956,5.82e-06,0.0361,0.627,74.103,0,1009843200
84,3,206413,87,0.707,0.924,7.0,-2.842,1.0,0.031,0.000972,0.00703,0.204,0.919,127.937,0,1351468800
81,6,156106,74,0.708,0.186,9.0,-8.953,0.0,0.042,0.868,0.0,0.0779,0.322,72.541,0,1589500800
71,5,197573,85,0.9,0.4,0.0,-8.575,1.0,0.127,0.0516,0.0,0.0599,0.346,135.984,0,1554422400
66,15,190160,78,0.788,0.745,11.0,-4.417,0.0,0.0447,0.352,4e-05,0.0973,0.79,94.002,0,1571356800
72,3,176133,87,0.754,0.805,6.0,-4.249,1.0,0.0752,0.315,0.0,0.203,0.555,93.982,0,1535068800
71,1,211360,84,0.622,0.711,5.0,-7.321,1.0,0.0665,0.0573,0.0,0.13,0.487,140.016,0,1527206400
69,3,194407,74,0.687,0.785,1.0,-4.65,1.0,0.0333,0.327,0.0,0.203,0.655,106.046,0,1541721600
72,5,221013,93,0.748,0.749,8.0,-5.916,0.0,0.516,0.142,0.0,0.0713,0.659,90.09,1,1513296000
71,1,271280,66,0.295,0.584,9.0,-6.696,0.0,0.0345,0.000385,0.218,0.0996,0.228,117.2,0,-189388800
84,1,151666,75,0.663,0.6,7.0,-10.87,1.0,0.032,0.43,0.0,0.184,0.797,129.987,0,-73958400
77,4,482830,77,0.338,0.34,9.0,-12.049,0.0,0.0339,0.58,0.0032,0.116,0.197,82.433,0,58406400
81,1,173026,69,0.768,0.864,11.0,-6.149,1.0,0.0324,0.101,0.0,0.162,0.891,110.009,0,820454400
83,6,210240,82,0.417,0.934,7.0,-3.908,0.0,0.119,0.000278,0.0015,0.132,0.287,127.066,0,999561600
79,1,205733,84,0.687,0.793,2.0,-4.254,1.0,0.166,0.0603,0.0,0.582,0.751,107.045,1,1101772800
74,2,205426,96,0.831,0.502,10.0,-4.045,0.0,0.046,0.101,0.0,0.122,0.101,100.541,1,1560556800
73,12,190440,92,0.727,0.554,5.0,-5.29,0.0,0.0915,0.0421,0.0,0.106,0.335,170.0,1,1549584000
76,1,226973,82,0.637,0.713,0.0,-4.333,1.0,0.0747,0.181,0.000637,0.137,0.243,129.923,0,1515715200
71,1,201707,85,0.708,0.648,6.0,-5.626,1.0,0.0449,0.0956,0.0,0.134,0.338,143.955,0,1518566400
1,2,179404,73,0.931,0.387,1.0,-9.127,1.0,0.412,0.088,0.0,0.136,0.376,125.978,1,1543276800
78,12,250188,93,0.781,0.853,1.0,-3.68,0.0,0.0714,0.0526,0.0,0.12,0.626,110.046,1,1383609600
69,4,240165,73,0.483,0.303,4.0,-10.058,1.0,0.0429,0.694,0.0,0.115,0.139,133.406,0,1334275200
71,7,266086,71,0.795,0.783,5.0,-4.271,1.0,0.0432,0.361,0.0,0.437,0.799,92.01,0,1571961600
78,14,172854,82,0.594,0.749,9.0,-5.298,0.0,0.056,0.0338,0.00106,0.3,0.694,179.968,0,1572566400
75,9,183906,63,0.729,0.625,4.0,-5.266,1.0,0.0315,0.194,0.00986,0.248,0.261,146.034,1,1538697600
74,1,221653,79,0.777,0.782,0.0,-4.435,0.0,0.0907,0.0505,0.0,0.64,0.773,94.023,0,1559260800
73,4,256971,78,0.767,0.709,1.0,-4.47,1.0,0.336,0.323,0.0,0.0745,0.72,171.993,0,1558569600
73,14,230000,86,0.766,0.756,5.0,-5.861,1.0,0.132,0.213,0.0,0.349,0.716,94.027,0,1526601600
70,1,160626,58,0.843,0.39,2.0,-7.899,1.0,0.0846,0.178,0.0,0.137,0.495,129.972,1,1561680000
2,14,162586,76,0.576,0.736,11.0,-7.572,1.0,0.224,0.178,0.0,0.238,0.484,101.928,0,1583452800
77,2,245866,63,0.729,0.675,8.0,-6.003,1.0,0.0312,0.175,1.58e-06,0.55,0.779,119.968,0,-9223372037
68,3,209640,66,0.94,0.335,5.0,-10.179,0.0,0.505,0.17,0.0,0.262,0.707,120.04,1,1501200000
72,3,191466,84,0.691,0.823,2.0,-4.197,1.0,0.0622,0.489,0.0,0.134,0.87,123.943,0,1560902400
80,5,260773,89,0.307,0.637,3.0,-6.993,1.0,0.0569,0.0732,0.0,0.368,0.0805,88.693,0,1541721600
66,6,296493,86,0.497,0.693,8.0,-7.024,1.0,0.0565,0.19,0.0,0.215,0.358,111.539,0,219024000
74,16,193000,100,0.61,0.83,0.0,-4.105,1.0,0.0571,0.033,0.0,0.118,0.728,182.162,0,1566518400
70,5,162546,69,0.736,0.458,5.0,-7.437,1.0,0.0316,0.441,0.0,0.148,0.65,98.977,0,1585872000
80,4,255373,84,0.458,0.795,0.0,-3.265,1.0,0.0574,0.00316,0.000202,0.0756,0.513,123.229,0,928800000
78,13,303373,73,0.388,0.338,10.0,-10.054,1.0,0.0329,0.652,3.73e-06,0.248,0.478,177.765,0,-9223372037
58,4,223488,65,0.862,0.631,7.0,-4.746,1.0,0.0515,0.291,0.000209,0.123,0.841,128.978,1,1605225600
77,4,237200,90,0.851,0.806,4.0,-4.618,1.0,0.0787,0.119,1.72e-06,0.121,0.774,119.001,0,1199145600
78,2,232946,80,0.608,0.86,5.0,-5.324,0.0,0.0554,0.0991,0.0,0.262,0.437,127.075,0,1340323200
79,1,233933,72,0.545,0.865,11.0,-5.708,0.0,0.0286,0.00664,1.1e-05,0.168,0.543,99.005,0,-9223372037
64,24,232146,88,0.58,0.695,6.0,-8.244,0.0,0.0671,0.00638,0.0,0.174,0.402,168.124,0,1631232000
74,2,187920,79,0.807,0.887,9.0,-3.726,1.0,0.0503,0.0573,2.87e-06,0.124,0.961,134.052,1,1420761600
72,10,185194,79,0.827,0.757,6.0,-2.985,0.0,0.0564,0.283,1.56e-06,0.102,0.374,95.983,0,1564012800
70,1,168387,76,0.598,0.527,10.0,-8.659,0.0,0.0415,0.129,0.0,0.14,0.53,123.943,0,1570752000
52,4,193829,88,0.647,0.844,0.0,-3.756,1.0,0.0457,0.0137,0.000658,0.102,0.746,146.967,0,1585267200
65,5,212093,90,0.67,0.693,6.0,-8.34,1.0,0.35,0.2,0.0,0.0909,0.388,87.017,0,1616112000
63,1,214854,81,0.732,0.716,10.0,-6.968,0.0,0.0561,0.0295,0.000758,0.73,0.666,105.093,1,1604275200
1,13,272533,81,0.834,0.696,5.0,-3.224,1.0,0.197,0.11,0.0,0.13,0.804,94.09,0,-9223372037
75,1,262466,65,0.638,0.656,5.0,-5.886,1.0,0.0357,0.188,0.0,0.146,0.225,104.036,0,-9223372037
47,9,240706,91,0.621,0.31,9.0,-10.164,0.0,0.0283,0.945,6.12e-05,0.117,0.125,111.893,0,1356998400
76,1,222091,93,0.704,0.558,2.0,-7.273,0.0,0.0542,0.148,0.0,0.107,0.245,110.444,0,1273536000
83,6,228706,80,0.609,0.444,7.0,-9.129,1.0,0.106,0.603,6.86e-06,0.104,0.166,118.402,0,1070323200
71,4,253813,80,0.644,0.549,1.0,-5.415,0.0,0.0285,0.0209,8.85e-06,0.134,0.167,90.04,0,1194566400
83,1,199986,85,0.726,0.787,4.0,-2.494,1.0,0.0737,0.009,0.0,0.0596,0.888,124.99,0,1337904000
74,2,209493,71,0.675,0.479,0.0,-9.87,0.0,0.0278,0.633,1.76e-05,0.088,0.454,81.998,1,1123459200
72,1,207680,77,0.868,0.347,5.0,-9.529,1.0,0.0536,0.308,2e-05,0.11,0.659,110.059,0,1104537600
78,1,177666,79,0.815,0.518,7.0,-6.594,0.0,0.0897,0.223,0.0,0.104,0.877,151.891,0,1539648000
75,1,134239,86,0.707,0.955,10.0,-4.593,0.0,0.222,0.127,0.0,0.202,0.575,125.989,0,1579737600
78,3,218106,67,0.611,0.797,6.0,-7.627,0.0,0.0533,0.00543,0.00137,0.26,0.518,120.041,0,1444953600
73,10,228267,81,0.693,0.678,8.0,-7.159,1.0,0.0324,0.0151,5.71e-06,0.101,0.404,103.952,0,1590710400
76,9,228346,69,0.512,0.662,3.0,-6.797,1.0,0.0439,0.0275,0.0,0.118,0.472,180.114,0,1230768000
75,12,205484,88,0.625,0.814,0.0,-5.181,1.0,0.0657,0.0172,0.0,0.158,0.535,144.991,1,1594339200
64,5,215759,85,0.747,0.833,3.0,-2.867,0.0,0.045,0.374,0.0,0.0586,0.687,128.008,1,1589500800
73,1,217440,70,0.684,0.619,10.0,-7.005,1.0,0.0386,0.0716,0.0,0.122,0.284,125.046,0,1510876800
76,6,216386,80,0.548,0.805,7.0,-5.732,1.0,0.351,0.212,0.000405,0.408,0.649,142.096,1,1564099200
72,1,139741,79,0.923,0.604,11.0,-6.671,0.0,0.245,0.017,0.0,0.272,0.826,145.062,1,1584057600
71,2,204466,88,0.857,0.621,9.0,-6.376,0.0,0.0825,0.148,0.0,0.0865,0.668,97.989,0,1562889600
74,1,176546,61,0.674,0.774,11.0,-7.567,0.0,0.0892,0.0686,0.00188,0.393,0.33,112.05,0,1574726400
82,7,181533,83,0.442,0.943,3.0,-3.205,1.0,0.0602,0.00293,8.71e-06,0.091,0.781,85.064,0,760060800
78,3,295515,78,0.54,0.429,2.0,-11.822,1.0,0.0285,0.000202,0.355,0.141,0.113,110.171,0,541728000
83,1,278179,83,0.658,0.294,4.0,-8.533,0.0,0.0321,0.422,5.2e-05,0.0749,0.358,74.038,0,1503619200
79,12,271333,72,0.713,0.678,5.0,-3.525,0.0,0.102,0.273,0.0,0.149,0.734,138.009,0,933033600
3,7,161384,85,0.662,0.413,0.0,-7.357,1.0,0.0299,0.213,0.0,0.134,0.467,93.005,1,1604620800
85,1,183306,75,0.491,0.583,7.0,-10.964,1.0,0.0376,0.185,0.0,0.406,0.908,150.566,0,-9223372037
86,2,252306,85,0.671,0.939,8.0,-3.206,1.0,0.161,0.191,0.0,0.298,0.53,129.024,0,1308268800
76,11,260640,88,0.696,0.454,1.0,-6.756,0.0,0.153,0.123,0.0,0.155,0.136,92.928,1,1561680000
76,1,169153,67,0.824,0.862,2.0,-3.424,1.0,0.126,0.0076,0.000132,0.303,0.801,122.98,0,1610668800
81,2,190066,86,0.554,0.498,9.0,-8.866,1.0,0.0685,0.23,5.98e-06,0.795,0.413,79.635,1,1558051200
78,10,536066,81,0.294,0.64,11.0,-9.316,1.0,0.0291,0.016,0.22,0.112,0.226,79.79,0,685065600
80,6,405600,81,0.268,0.98,11.0,-5.959,1.0,0.101,0.019,0.00692,0.182,0.39,100.316,0,553824000
80,1,156600,67,0.6,0.688,5.0,-8.339,0.0,0.201,0.159,1.29e-05,0.409,0.0793,99.977,0,1498780800
79,4,230760,78,0.276,0.715,0.0,-5.356,1.0,0.0432,0.00552,0.000417,0.201,0.173,137.028,0,1222128000
78,7,248133,93,0.855,0.954,0.0,-1.19,0.0,0.264,0.529,0.0,0.205,0.668,114.635,1,1276819200
81,5,231400,80,0.918,0.609,10.0,-5.64,0.0,0.0791,0.0928,0.0,0.139,0.304,128.008,0,1205712000
82,4,173346,80,0.75,0.608,1.0,-4.008,1.0,0.0387,0.00165,0.0,0.178,0.958,132.507,1,1616112000
80,2,242733,82,0.967,0.583,7.0,-5.562,0.0,0.0789,0.0584,0.0,0.0519,0.964,117.0,1,1158019200
81,3,226653,83,0.73,0.487,4.0,-10.991,1.0,0.0303,0.258,0.01,0.0852,0.731,114.965,0,545270400
85,2,223840,80,0.446,0.764,10.0,-5.042,1.0,0.033,0.00135,0.0,0.099,0.543,172.094,0,1000166400
79,2,198440,77,0.871,0.701,5.0,-5.594,0.0,0.0458,0.257,7.52e-06,0.0589,0.716,126.975,0,1222992000
72,4,180480,74,0.66,0.867,6.0,-4.285,0.0,0.116,0.11,0.0,0.0368,0.377,93.033,1,1272326400
79,2,296800,72,0.711,0.292,4.0,-15.523,0.0,0.037,0.313,0.0,0.131,0.194,103.951,0,576201600
81,9,226986,86,0.749,0.463,11.0,-8.433,1.0,0.0842,0.21,0.0382,0.338,0.189,90.035,1,1573084800
77,3,194240,65,0.673,0.902,2.0,-2.392,1.0,0.0346,0.0591,0.000227,0.0558,0.536,100.012,0,1388534400
75,1,263040,67,0.66,0.816,2.0,-6.61,1.0,0.0299,0.168,0.0181,0.0608,0.678,111.346,0,-9223372037
81,3,165853,69,0.643,0.849,2.0,-5.428,1.0,0.0526,0.0371,0.0,0.058,0.903,162.152,0,995328000
80,12,253586,87,0.52,0.852,0.0,-5.866,1.0,0.0543,0.00237,5.79e-05,0.0733,0.234,140.267,0,1177372800
82,2,244506,78,0.585,0.776,5.0,-5.898,1.0,0.0459,0.0572,7.74e-06,0.3,0.427,77.987,0,1023148800
78,1,285133,67,0.377,0.681,7.0,-8.039,1.0,0.0298,0.00088,0.0023,0.0504,0.285,108.789,0,-9223372037
79,3,404106,93,0.78,0.768,6.0,-4.325,0.0,0.238,0.0371,2.34e-06,0.518,0.507,80.063,1,959040000
74,5,160184,88,0.699,0.304,1.0,-11.192,1.0,0.0993,0.779,0.000993,0.137,0.271,119.705,1,1521158400
77,4,229093,80,0.494,0.842,7.0,-4.784,1.0,0.0843,0.00579,0.0,0.122,0.574,162.011,0,1115078400
79,14,200013,86,0.723,0.86,11.0,-4.357,1.0,0.203,0.271,4.56e-06,0.598,0.667,126.979,1,1290384000
11,1,213573,66,0.721,0.939,8.0,-11.823,1.0,0.0376,0.115,3.79e-05,0.108,0.914,113.309,0,563673600
81,1,271240,73,0.768,0.852,4.0,-6.215,1.0,0.038,0.214,7.36e-05,0.0723,0.867,128.373,0,290995200
79,3,300106,74,0.574,0.628,2.0,-8.815,0.0,0.036,0.13,0.0,0.271,0.803,153.119,0,910569600
65,7,207680,78,0.689,0.808,0.0,-3.28,1.0,0.0572,0.0721,0.0,0.241,0.674,91.012,0,1631836800
76,2,230733,87,0.652,0.81,3.0,-3.789,0.0,0.0406,0.00129,2.91e-05,0.667,0.732,126.022,0,1262304000
85,7,210173,83,0.532,0.767,7.0,-5.509,1.0,0.0574,0.00287,0.000513,0.39,0.755,127.361,0,333331200
72,1,182956,81,0.812,0.761,11.0,-5.222,1.0,0.0812,0.0465,0.000135,0.0601,0.344,130.032,0,1601596800
67,2,230493,61,0.688,0.835,8.0,-4.162,1.0,0.0911,0.0583,2.87e-06,0.0795,0.88,84.858,1,1132531200
80,2,201726,87,0.288,0.758,6.0,-5.692,0.0,0.0371,0.00616,0.0,0.303,0.619,97.094,0,1378684800
70,5,173493,87,0.646,0.813,6.0,-5.29,0.0,0.0288,0.00178,2.26e-05,0.144,0.821,112.115,0,1177372800
80,48,267360,69,0.431,0.723,8.0,-5.887,1.0,0.0568,0.145,0.0,0.374,0.19,130.141,0,1238025600
75,1,516893,64,0.529,0.482,4.0,-11.709,0.0,0.0599,0.7,0.0,0.0842,0.492,138.453,0,-9223372037
74,1,251840,78,0.492,0.81,7.0,-5.315,1.0,0.0847,0.0416,0.00379,0.117,0.245,149.954,0,-9223372037
74,10,210626,86,0.747,0.716,11.0,-2.457,0.0,0.0751,0.135,0.0,0.251,0.751,125.006,1,1293840000
72,10,186634,77,0.569,0.83,9.0,-4.106,0.0,0.14,0.0807,0.0,0.114,0.609,170.094,0,1127779200
63,2,182946,90,0.658,0.56,6.0,-9.049,0.0,0.0467,0.498,0.0,0.0794,0.854,161.993,0,1293840000
81,1,245939,95,0.804,0.674,5.0,-5.453,0.0,0.0333,0.294,1.18e-06,0.115,0.292,99.968,1,1651795200
82,3,177826,78,0.55,0.917,0.0,-3.159,1.0,0.0638,0.00428,0.0,0.197,0.601,126.115,1,1213660800
73,13,209160,74,0.729,0.65,5.0,-3.539,1.0,0.0313,0.0702,6.69e-05,0.0829,0.347,110.02,0,1388534400
83,2,183440,83,0.505,0.904,6.0,-6.863,1.0,0.179,0.355,0.118,0.14,0.773,176.811,0,423100800
80,1,241786,83,0.552,0.315,3.0,-11.028,1.0,0.0299,0.828,5.52e-06,0.101,0.324,128.187,0,8553600
76,1,377093,83,0.414,0.428,0.0,-11.097,1.0,0.0278,0.382,0.000243,0.148,0.282,145.075,0,58147200
80,13,292613,82,0.749,0.491,10.0,-9.655,1.0,0.0403,0.02,0.00899,0.159,0.536,119.528,0,-9223372037
80,7,162373,70,0.552,0.608,1.0,-9.786,0.0,0.0345,0.352,0.0,0.0533,0.637,112.367,0,-9223372037
79,2,121160,71,0.674,0.789,8.0,-6.903,1.0,0.0676,0.00178,0.00708,0.0753,0.918,129.802,0,855532800
80,4,229640,75,0.763,0.803,1.0,-3.713,1.0,0.0351,0.0709,0.285,0.348,0.561,103.04,0,1197590400
76,3,176333,66,0.469,0.538,8.0,-13.559,1.0,0.0575,0.305,0.000114,0.37,0.885,196.606,0,-1209600
82,2,125093,75,0.527,0.415,4.0,-11.451,0.0,0.122,0.457,1.72e-05,0.117,0.515,78.169,0,41904000
61,18,241093,78,0.594,0.5,5.0,-5.586,0.0,0.0255,0.076,9.86e-05,0.184,0.537,104.996,0,1607644800
77,5,192840,92,0.733,0.67,5.0,-6.009,1.0,0.0751,0.121,0.0,0.121,0.472,100.964,1,1654214400
71,4,206070,82,0.756,0.697,8.0,-6.377,1.0,0.0401,0.182,0.0,0.333,0.956,94.996,0,1649289600
77,1,214945,82,0.842,0.745,2.0,-4.231,0.0,0.0399,0.281,2.61e-05,0.118,0.53,122.06,0,1673395200
67,4,208106,85,0.593,0.74,8.0,-6.12,1.0,0.0339,0.363,2.22e-05,0.102,0.502,118.008,0,1167609600
82,1,211066,82,0.759,0.699,0.0,-5.745,0.0,0.0307,0.202,0.000131,0.443,0.907,92.96,0,916099200
80,1,211160,82,0.751,0.834,1.0,-5.444,0.0,0.0437,0.3,1.77e-05,0.355,0.894,95.053,0,958435200
82,2,163854,91,0.492,0.673,6.0,-5.431,1.0,0.0347,0.413,0.0,0.137,0.488,203.812,1,1677801600
53,4,234346,91,0.614,0.68,6.0,-4.58,1.0,0.0289,0.369,1.84e-06,0.115,0.707,149.959,0,1524787200
72,5,163373,86,0.599,0.762,0.0,-6.887,1.0,0.0423,0.714,4.43e-06,0.35,0.715,76.961,0,330912000
69,2,179600,86,0.535,0.65,10.0,-6.328,1.0,0.0554,0.379,0.0,0.14,0.61,117.188,0,153100800
63,2,179200,86,0.268,0.459,7.0,-6.948,0.0,0.0346,0.378,0.0,0.119,0.172,64.223,0,246844800
61,2,258013,86,0.795,0.433,4.0,-8.927,1.0,0.0324,0.0853,0.000284,0.0762,0.6,108.947,0,446688000
78,14,171360,100,0.771,0.671,2.0,-5.617,1.0,0.0553,0.00929,0.0,0.0637,0.714,85.026,0,1566518400
84,1,212953,77,0.508,0.43,2.0,-9.475,0.0,0.0335,0.83,0.000441,0.093,0.324,130.09,0,1681430400
75,1,195986,92,0.859,0.658,11.0,-4.79,1.0,0.159,0.145,0.0,0.12,0.672,100.065,1,1680220800
87,1,164571,76,0.485,0.409,9.0,-10.711,0.0,0.101,0.325,0.0,0.103,0.376,138.419,0,1581292800
77,1,220750,69,0.594,0.348,4.0,-8.297,1.0,0.0285,0.709,2.12e-05,0.317,0.248,120.048,0,1557446400
77,3,212241,89,0.629,0.733,7.0,-5.445,1.0,0.0419,0.0025,0.0,0.357,0.362,120.001,0,1679616000
78,6,154486,81,0.881,0.592,2.0,-4.898,1.0,0.0324,0.619,1.32e-05,0.0901,0.719,101.058,0,1665014400
87,9,213920,83,0.559,0.871,5.0,-5.338,0.0,0.0397,7.53e-06,0.00545,0.096,0.572,104.97,0,1401926400
78,8,235800,83,0.634,0.526,5.0,-7.881,0.0,0.0333,0.339,0.0,0.257,0.623,90.087,1,1104537600
83,11,196784,70,0.57,0.842,4.0,-5.085,0.0,0.0381,0.0136,0.00876,0.524,0.47,143.975,0,1677801600
26,2,174253,69,0.783,0.592,11.0,-8.332,0.0,0.0331,0.435,4.15e-06,0.347,0.726,120.018,0,1677196800
0,2,194563,85,0.67,0.722,9.0,-4.088,1.0,0.0406,0.217,0.0,0.27,0.57,84.565,0,1691020800
74,1,131013,77,0.696,0.809,5.0,-8.254,1.0,0.05,0.252,0.000128,0.248,0.857,132.962,1,1675382400
82,3,196453,84,0.672,0.642,5.0,-4.035,1.0,0.0313,0.0981,0.0,0.1,0.494,121.981,0,1606435200
74,4,216148,81,0.783,0.729,6.0,-3.549,0.0,0.0691,0.0492,0.000272,0.1,0.58,167.968,1,1673568000
79,4,200306,75,0.654,0.81,4.0,-6.26,0.0,0.0288,0.00719,0.00251,0.165,0.661,114.622,0,989884800
83,1,234352,71,0.812,0.479,2.0,-5.678,0.0,0.333,0.213,1.21e-06,0.0756,0.559,169.922,1,1679011200
81,1,176440,75,0.551,0.55,10.0,-5.339,1.0,0.0286,0.777,0.0,0.202,0.342,101.19,0,1650585600
82,6,197933,92,0.587,0.647,4.0,-3.385,0.0,0.327,0.619,0.0,0.106,0.686,90.123,1,1677196800
84,2,242484,79,0.575,0.45,4.0,-9.306,1.0,0.0259,0.531,6.59e-05,0.124,0.263,132.039,0,1685059200
79,9,196600,87,0.901,0.589,1.0,-6.713,0.0,0.289,0.00302,0.000237,0.0992,0.399,98.002,0,1665100800
83,9,237506,93,0.639,0.628,6.0,-7.578,0.0,0.0398,0.0381,0.0,0.386,0.43,90.482,1,1189468800
84,4,236413,100,0.615,0.534,9.0,-6.719,0.0,0.0386,0.106,1.76e-05,0.0607,0.193,135.917,0,1510272000
72,1,179551,68,0.565,0.636,0.0,-8.198,1.0,0.0638,0.107,9.9e-06,0.447,0.525,170.01,0,1647648000
78,2,177954,84,0.714,0.728,10.0,-4.595,1.0,0.0468,0.298,0.0,0.106,0.901,114.996,0,1653004800
74,6,165671,79,0.668,0.758,5.0,-5.176,0.0,0.0332,0.483,1.89e-05,0.0837,0.834,147.989,0,1682640000
82,11,234093,88,0.913,0.603,8.0,-4.892,1.0,0.226,0.0272,0.000503,0.167,0.497,123.061,1,1341878400
74,11,264773,92,0.566,0.647,1.0,-6.815,0.0,0.0335,0.0477,0.0,0.121,0.22,111.96,0,1325376000
71,4,281946,92,0.39,0.252,6.0,-9.666,0.0,0.0298,0.808,0.0,0.0887,0.181,122.053,0,1325376000
80,5,232253,100,0.75,0.404,9.0,-10.178,0.0,0.0682,0.216,0.000357,0.0911,0.0499,95.045,0,1510272000
80,3,165000,69,0.574,0.418,0.0,-10.739,1.0,0.0345,0.636,0.0,0.0961,0.692,104.57,0,-150854400
71,4,227893,87,0.638,0.831,8.0,-5.039,1.0,0.049,0.142,0.0,0.113,0.649,124.071,0,1262304000
70,12,184066,93,0.784,0.826,7.0,-6.34,0.0,0.0538,0.0965,7.09e-05,0.123,0.893,138.078,1,1687996800
79,3,191946,78,0.618,0.748,0.0,-8.905,1.0,0.358,0.0384,4.1e-06,0.0473,0.663,134.114,0,278812800
82,1,138411,79,0.943,0.558,2.0,-4.911,1.0,0.0568,0.0026,2.19e-06,0.0937,0.606,104.983,1,1699574400
80,5,148360,80,0.391,0.951,6.0,-7.419,1.0,0.0688,0.012,0.000446,0.0878,0.468,157.663,1,928195200
77,3,227240,80,0.655,0.781,11.0,-6.547,1.0,0.034,0.00103,5.33e-06,0.0867,0.584,110.024,0,1041379200
67,6,226000,74,0.483,0.471,9.0,-9.711,0.0,0.0284,0.397,0.000336,0.331,0.291,137.012,0,-9223372037
79,5,261426,77,0.63,0.696,10.0,-4.501,1.0,0.0242,0.144,0.0,0.0835,0.491,94.034,0,1215993600
80,8,190626,76,0.751,0.501,5.0,-12.151,1.0,0.0551,0.234,0.112,0.0467,0.902,167.057,0,-9223372037
80,8,232800,67,0.474,0.671,4.0,-4.649,1.0,0.0289,0.0129,0.0,0.159,0.0682,82.94,0,1705017600
81,4,218880,95,0.705,0.505,8.0,-6.923,1.0,0.193,0.142,0.0,0.164,0.388,160.053,1,1480032000
77,1,177720,75,0.539,0.508,10.0,-6.05,1.0,0.0288,0.727,0.0,0.174,0.227,101.358,0,1630454400
81,5,276920,84,0.491,0.956,11.0,-1.538,1.0,0.392,0.0295,0.0,0.46,0.811,173.585,1,1252368000
82,1,243600,91,0.769,0.685,1.0,-5.019,1.0,0.041,0.0105,0.000124,0.0887,0.836,127.977,1,1262304000
76,5,285373,78,0.703,0.827,10.0,-7.179,0.0,0.0343,0.032,0.00636,0.179,0.944,103.564,0,283996800
54,1,231750,86,0.841,0.558,2.0,-8.519,0.0,0.246,0.255,6.5e-06,0.0955,0.746,99.959,0,1691020800
69,2,249866,79,0.765,0.671,9.0,-5.249,0.0,0.278,0.344,0.0,0.0506,0.798,84.5,1,1172793600
84,1,184153,76,0.566,0.366,7.0,-12.808,1.0,0.028,0.113,0.181,0.155,0.237,129.96,0,1542758400
83,10,152666,88,0.369,0.272,9.0,-10.497,1.0,0.0364,0.866,0.0,0.147,0.218,172.929,0,1621555200
81,3,188986,72,0.743,0.836,2.0,-6.465,1.0,0.116,0.0804,0.0,0.384,0.82,113.375,0,-9223372037
44,5,178493,54,0.684,0.872,9.0,-2.85,1.0,0.124,0.31,3.18e-06,0.0725,0.261,98.891,0,1564704000
83,5,214400,71,0.743,0.675,8.0,-4.267,0.0,0.0953,0.0251,0.000717,0.0685,0.59,92.909,0,919728000
62,2,129686,85,0.752,0.701,6.0,-3.542,0.0,0.0342,0.27,0.0,0.215,0.836,111.02,0,1701907200
75,1,241933,90,0.822,0.739,1.0,-4.541,0.0,0.0311,0.0264,4.28e-05,0.181,0.745,118.99,0,1199145600
55,5,235520,91,0.786,0.716,11.0,-4.253,0.0,0.0409,0.101,1.62e-05,0.0557,0.596,125.924,0,1289779200
83,2,213706,72,0.489,0.505,10.0,-8.022,0.0,0.117,0.579,0.000333,0.104,0.337,163.255,0,1465516800
53,4,296226,78,0.546,0.539,2.0,-7.342,1.0,0.0267,0.000135,0.235,0.119,0.122,109.92,0,1136073600
69,12,138013,81,0.763,0.608,5.0,-8.1,0.0,0.035,0.262,2.5e-05,0.12,0.393,121.02,0,1477008000
82,5,270506,76,0.843,0.806,4.0,-5.946,0.0,0.269,0.143,0.0,0.0771,0.613,94.948,1,972950400
83,2,135920,93,0.724,0.573,7.0,-4.113,1.0,0.0549,0.118,0.0,0.538,0.438,113.088,1,1465516800
83,2,206200,86,0.712,0.862,5.0,-4.612,0.0,0.0378,0.0525,0.0,0.093,0.809,95.051,0,-9223372037
78,6,266600,69,0.457,0.757,1.0,-5.177,1.0,0.032,0.0206,0.0,0.146,0.417,102.961,0,1325376000
81,22,278480,90,0.461,0.651,1.0,-8.81,0.0,0.0568,0.418,1.26e-05,0.782,0.383,121.07,1,1670544000
86,1,132630,79,0.571,0.544,6.0,-10.613,1.0,0.0299,0.453,0.00805,0.322,0.216,132.052,0,1658275200
74,2,168405,74,0.412,0.658,4.0,-12.051,0.0,0.0708,4.52e-05,0.000774,0.176,0.454,163.071,0,22464000
76,3,320466,73,0.508,0.792,0.0,-7.311,0.0,0.0297,0.229,0.124,0.145,0.601,147.067,0,1440720000
69,1,230813,87,0.736,0.795,1.0,-3.299,0.0,0.0545,0.498,1.21e-06,0.254,0.511,104.066,1,1487894400
70,1,203866,70,0.754,0.804,4.0,-3.177,1.0,0.0853,0.00332,0.0,0.0329,0.818,119.968,0,1262304000
76,1,198053,66,0.72,0.741,10.0,-6.529,0.0,0.0287,0.101,1.41e-05,0.289,0.357,119.896,0,1415318400
87,4,259333,76,0.706,0.8,5.0,-6.333,1.0,0.0399,0.00584,0.0,0.0822,0.629,100.011,0,1093824000
83,7,175459,95,0.699,0.776,0.0,-5.282,1.0,0.0293,0.131,5.36e-06,0.205,0.708,103.963,1,1724371200
88,9,163648,95,0.74,0.697,8.0,-4.912,1.0,0.034,0.0268,0.0,0.224,0.732,138.992,0,1657843200
72,5,189109,93,0.794,0.711,8.0,-5.124,0.0,0.0699,0.3,0.0,0.0955,0.955,174.915,0,1273536000
86,5,206280,86,0.575,0.568,9.0,-5.509,0.0,0.03,0.0484,0.000417,0.286,0.37,93.986,0,1541116800
81,1,214240,90,0.728,0.859,5.0,-5.237,0.0,0.137,0.0401,0.0,0.111,0.535,65.043,0,1262304000
78,7,198266,95,0.537,0.746,10.0,-5.507,0.0,0.15,0.0236,1e-06,0.156,0.252,170.083,1,1584662400
70,13,173325,70,0.715,0.624,4.0,-3.046,0.0,0.114,0.11,0.0,0.123,0.412,158.087,1,1555632000
83,1,210688,85,0.561,0.604,9.0,-4.409,1.0,0.0337,0.199,1.9e-05,0.104,0.242,159.92,0,1687478400
68,1,156400,92,0.87,0.55,5.0,-5.537,1.0,0.0722,0.102,0.0,0.293,0.566,95.019,0,1660867200
91,1,222000,84,0.791,0.499,8.0,-8.472,0.0,0.0509,0.446,2.41e-05,0.0899,0.669,99.986,1,1706832000
82,3,293293,83,0.392,0.37,9.0,-10.888,1.0,0.0298,0.205,0.0096,0.0821,0.512,48.718,0,1430697600
80,1,180933,95,0.614,0.318,7.0,-12.695,1.0,0.0478,0.896,0.00239,0.0795,0.112,119.959,0,1490832000
80,5,221746,85,0.703,0.757,1.0,-3.612,1.0,0.05,0.617,0.0,0.106,0.696,82.008,1,1503619200
68,6,190560,81,0.841,0.783,6.0,-4.915,0.0,0.0432,0.106,2.49e-06,0.0528,0.514,94.989,0,1279584000
85,4,227093,91,0.371,0.268,1.0,-10.506,1.0,0.0281,0.748,0.0517,0.104,0.165,102.617,0,963187200
70,2,249093,69,0.622,0.593,7.0,-8.352,0.0,0.0916,0.163,0.0,0.0979,0.607,94.364,0,1102291200
79,4,249040,95,0.572,0.631,7.0,-9.836,0.0,0.0476,0.222,0.0,0.135,0.0713,134.078,1,1440720000
69,1,192024,95,0.886,0.672,1.0,-4.394,1.0,0.188,0.0363,8.78e-06,0.101,0.526,91.976,1,1574294400
84,2,200746,88,0.721,0.339,0.0,-11.195,1.0,0.0532,0.409,0.00153,0.0973,0.2,129.83,0,1341878400
76,5,203200,95,0.856,0.618,7.0,-4.892,1.0,0.286,0.0303,0.0,0.0866,0.391,81.993,0,1606435200
66,2,152913,76,0.677,0.744,10.0,-6.806,0.0,0.0296,0.0405,0.000153,0.074,0.631,124.077,0,1697155200
88,1,180304,86,0.472,0.471,10.0,-5.692,1.0,0.0603,0.151,0.0,0.14,0.219,105.029,0,1705536000
91,1,244684,95,0.264,0.64,8.0,-6.221,1.0,0.0442,0.0393,2.31e-06,0.151,0.19,84.828,0,1687478400
84,2,186365,95,0.675,0.586,9.0,-6.086,1.0,0.0531,0.257,0.0,0.104,0.621,107.015,1,1724371200
83,4,224996,90,0.869,0.694,1.0,-3.35,0.0,0.0783,0.356,0.00125,0.0878,0.511,90.02,1,1639094400
89,2,182346,87,0.664,0.5,9.0,-6.935,1.0,0.0651,0.799,0.0,0.0966,0.801,117.896,0,1665705600
81,3,194613,82,0.525,0.433,6.0,-10.598,1.0,0.185,0.107,0.0,0.135,0.276,160.108,1,1443744000
82,4,241066,95,0.323,0.737,10.0,-4.008,1.0,0.0335,0.14,0.000162,0.163,0.156,112.923,0,1522368000
72,1,204664,77,0.8,0.578,4.0,-5.144,0.0,0.0485,0.00381,0.0,0.359,0.367,143.01,1,1536883200
85,3,219724,88,0.484,0.53,5.0,-5.821,1.0,0.0538,0.154,0.0,0.263,0.323,136.848,1,1694131200
89,7,137773,84,0.504,0.308,9.0,-14.958,1.0,0.0321,0.868,0.135,0.158,0.121,113.95,0,1694736000
67,12,202061,62,0.873,0.495,6.0,-5.446,1.0,0.0518,0.199,0.0,0.0805,0.546,106.033,0,1575590400
79,11,161506,81,0.922,0.909,10.0,-2.429,0.0,0.27,0.0281,0.0,0.0856,0.309,95.295,1,942710400
73,1,157017,83,0.919,0.623,7.0,-6.521,1.0,0.0992,0.184,1.63e-05,0.0609,0.775,130.037,1,1658966400
85,8,201800,90,0.559,0.551,5.0,-7.231,1.0,0.132,0.141,0.0,0.11,0.392,143.008,1,1670544000
75,6,230192,93,0.621,0.82,10.0,-4.865,1.0,0.0367,0.332,0.0,0.104,0.452,144.905,0,1273536000
82,20,220586,85,0.773,0.75,8.0,-4.009,0.0,0.117,0.109,0.0,0.174,0.783,123.426,1,1510876800
82,5,241293,79,0.434,0.422,7.0,-13.964,0.0,0.0375,0.134,2.05e-05,0.0861,0.377,123.201,1,-9223372037
81,1,231333,70,0.62,0.573,0.0,-11.893,1.0,0.0423,0.271,0.0,0.0607,0.897,81.548,0,467337600
79,7,209106,84,0.613,0.574,11.0,-7.961,1.0,0.467,0.0253,3.13e-05,0.38,0.755,125.18,1,1109808000
78,2,223186,81,0.64,0.635,8.0,-7.565,0.0,0.226,0.271,0.0,0.319,0.475,100.034,0,1463097600
86,5,172797,92,0.841,0.738,7.0,-7.455,0.0,0.307,0.52,0.0,0.0892,0.484,169.918,1,1691625600
82,1,176346,83,0.38,0.988,1.0,-2.042,1.0,0.0639,2.64e-05,7.86e-05,0.368,0.769,186.113,1,1095724800
77,1,179172,95,0.695,0.573,4.0,-8.597,0.0,0.106,0.46,0.0734,0.482,0.408,99.939,0,1487894400
74,2,173710,92,0.83,0.585,0.0,-6.476,1.0,0.094,0.237,0.0,0.248,0.485,109.978,1,1604016000
73,1,182306,68,0.706,0.751,9.0,-6.323,1.0,0.0708,0.173,0.0,0.168,0.195,91.031,0,1249948800
85,22,197920,89,0.708,0.737,1.0,-4.045,1.0,0.0436,0.0739,0.00162,0.0955,0.607,91.986,1,1679529600
87,1,222369,95,0.391,0.084,0.0,-17.843,1.0,0.0317,0.953,0.0,0.0983,0.111,79.449,0,1689206400
80,16,235320,86,0.831,0.427,2.0,-6.903,1.0,0.106,0.0531,0.0,0.307,0.216,93.004,1,1317081600
79,1,251424,87,0.741,0.62,10.0,-5.505,1.0,0.0412,0.0295,0.000809,0.0398,0.934,117.038,0,1711065600
93,6,170887,89,0.66,0.756,0.0,-3.743,0.0,0.032,0.00289,0.0,0.193,0.838,116.034,0,1721347200
96,1,218423,90,0.7,0.582,11.0,-5.96,0.0,0.0356,0.0502,0.0,0.0881,0.785,116.712,0,1712275200
87,2,171291,81,0.722,0.706,9.0,-4.857,1.0,0.0292,0.072,0.0,0.067,0.599,80.969,1,1717113600
99,4,210373,95,0.747,0.507,2.0,-10.171,1.0,0.0358,0.2,0.0608,0.117,0.438,104.978,0,1715904000
91,6,159245,76,0.689,0.454,2.0,-7.643,1.0,0.0584,0.0351,0.00259,0.0707,0.912,159.982,0,1663286400
81,10,229146,93,0.367,0.665,1.0,-2.821,1.0,0.0465,0.145,0.0,0.113,0.31,148.913,1,1371513600
